1 1
162844048
3 4 
1 10 100 1000
67 112
125001728 734690332 569282772 964643462 910931782 686105676 984571716 318363776 826274850 684213560 736521412 888165354 446386786 415349980 28259668 778147964 818797940 157564434 264468988 557930076 383489188 643960318 586189744 283268076 36224866 498297904 688943850 667062444 740397198 24322846 580025108 431982290 594002352 629616858 431738146 376073314 758097638 665567062 186434462 182497640 152620518 964643462 69947256 504432022 326176384 856060418 669168186 356938528 405858882 941419264 730661956 346623444 533485158 411169014 336003180 770243802 694192946 183291108 610390518 113923694 344059932 645882952 620827674 984022392 742838638 283908954 619667990 579842 397802130 972547624 290622914 685464798 525306334 217349196 152498446 875286758 936292240 123323238 777629158 691354772 251529356 373418248 980970592 597511922 853588460 998152226 636178228 576851236 481116270 217684894 274753554 959119704 872051850 137086856 124849138 929486726 361790890 576698646 745615776 250491744 842968196 818157062 913556330 227908424 992445360 548103280 917035382 452154688 172457218 779948526 915356892 346074120
74 181
518531338 51056614 372350118 569282772 243747266 681894192 710794738 910260386 5462722 482092846 735697426 513831566 294559736 911206444 772380062 793376446 203402470 194369142 137758252 319889676 952924550 366734806 133363660 468786998 77637792 342717140 961774770 294864916 925427832 42053804 473395216 917187972 627785778 104005344 149568718 195040538 197115762 220278924 228091532 976148748 907330658 618691414 377660250 698251840 613533872 728220516 827373498 625588482 168032108 557106090 357670960 501410740 587685126 815074744 58655596 897717488 129670982 310856348 262363246 43335560 932080756 656472698 555183456 412237144 374394824 809306842 276340490 852306704 815837694 483374602 409337934 536689548 866253430 960950784 271823826 518683928 846721910 335911626 910870746 171267016 595863950 719797548 609383424 292667620 278049498 442297374 410161920 159242924 349827834 776774654 63843656 306889008 340794506 222811918 306675382 322056454 605294012 876232816 874981578 424078128 700723798 918652836 161928508 119416934 549537626 757151580 923291572 709757126 40222724 845806370 938092802 934552714 224368336 719797548 30792662 529822998 765482994 274021122 361027940 984174982 795878922 816905824 386907204 273227654 838421014 930737964 408758092 853893640 948652030 670205798 99000392 699716704 733866346 129823572 924603846 658242742 405614738 911847322 868420208 912366128 521461066 525733586 355565218 825817080 572426126 250674852 791148632 955304954 72663358 492163786 615548060 509406456 306950044 163851142 283542738 36346938 392919250 126191930 73578898 621285444 813884542 212985122 133241588 374700004 78583850 876965248 667337106 493231916 664285306 985792436 674905570 673593296 899029762 799785226 141115232 161714882 940045954 662362672 90821568 217776448 503577518
50 81
278171570 503424928 206576342 837047704 596504828 253574062 311405672 44617316 643990836 391668012 182558676 193789300 50934542 179506876 76295000 891369744 370671628 336491468 196078150 941541336 446814038 62867080 248233412 803783084 665200846 408483430 960889748 161562292 872234958 643410994 596474310 509192830 239963034 786906630 990217546 161897990 860210866 950910362 144777392 596443792 348027272 653970222 913129078 527961400 236392428 762400676 800365068 629128570 443212914 214480504 415960340 298527076 591652466 184115094 607735452 383794368 465399500 840374166 808635446 266300068 379796510 358617018 627663706 213259784 750468138 340275700 216220030 403844694 640176086 296665478 441046136 535041576 565681648 353886728 395208100 414281850 345433242 834362120 277866390 444372598 269657048
165 163
407201674 373998090 715189330 771037270 452704012 97657600 879467724 524207686 699197898 107911648 796947052 335270748 350895964 571663176 127595758 242221366 739878392 655435086 383885922 171175462 197512496 535499346 25909782 275485986 162599904 698587538 683755790 893902738 432043326 815135780 662973032 658944656 960187834 965955736 389653824 787242328 113313334 503699590 950818808 82429118 785685910 330296314 387273420 682504552 282688234 871716152 894299472 82154456 378301128 531196308 586830622 462317182 452276760 902234152 985670364 856975958 113984730 522651268 880108602 189638852 218386808 450933968 724222658 709909716 681375386 445898498 222445702 861675730 999678126 31372504 260715274 114473018 882489006 226840294 839855360 788676674 900464108 225131286 166902942 406194580 558540436 798961240 561012394 597908656 699014790 716898338 330113206 98878320 640725410 950727254 274265266 862652306 960889748 954664076 972700214 826122260 325901722 798411916 509711636 355900916 277042404 434881500 796733426 907635838 377538178 883740244 146150702 929456208 627328008 612648850 253360436 540748442 551429742 896466250 243228460 17700440 868633834 436804134 937390888 616707744 146364328 22064514 998365852 766673196 348210380 510138888 106904554 162142134 680124148 914410834 828838362 787730616 641915612 874554326 327641248 405523184 690011980 293430570 578865424 536689548 417608312 421148400 242709654 468451300 658914138 167726928 851452200 317631344 423254142 925458350 466955918 682138336 65766290 682260408 465674162 911725250 600350096 707498794 606545250 528785386 561653272 591011588 38483198
40 11
917126936 403539514 208010688 270358962 354588642 691904096 198580626 756937954 443914828 5371168 828289038
21 22
884991482 249850866 356328168 452612458 359471522 223178134 865002192 783122398 370763182 464026190 468542854 543037292 732615108 393071840 819438818 531532006 278507268 316807358 76722252 535407792 355656772 571205406
71 123
320530554 659463462 662118528 880383264 192934796 915356892 581947742 138704310 124299814 722849348 192477026 694315018 836834078 824077554 41321372 82673262 689523692 746134582 235263262 419378356 527351040 878277522 333531222 345646868 970106184 230929706 195956078 108613562 296573924 407415300 192690652 557289198 581184792 820018660 681283832 336277842 238254026 681100724 157778060 57679020 631234312 801311126 987654034 732859252 902264670 725290788 123353756 245242648 678994982 236789162 714212754 145296198 814281276 763987612 15320036 549232446 815593550 716471086 501349704 422124976 120118848 285312782 591774538 27435682 871563562 737070736 893780666 823558748 355443146 733164432 368718476 588875328 748728612 706156002 328984040 56763480 340153628 823558748 670877194 841381260 877514572 571022298 250369672 935956542 198061820 485938114 807475762 564338856 798686578 72449732 345677386 667581250 501288668 429693440 372990996 806285560 870586986 623757402 910168832 760417006 539863420 335514892 673043972 607521826 101106134 814647492 334874014 560768250 716196424 671853770 274967180 347905200 104646222 540077046 719980656 412664396 64759196 136201834 683816826 719400814 184237166 754282888 613045584
114 123
721689664 143037866 323734944 538520628 849529566 872326512 971326904 568123088 408269804 560218926 895153976 593880280 660165376 654977316 545936502 377294034 479376744 557930076 147859710 461249052 91431928 530463876 602974644 581551008 463080132 649545112 249026880 518378748 373448766 718668382 752238182 543037292 698618056 539832902 916028288 116792386 939954400 453314372 687021216 998091190 527900364 551033008 139467260 413763044 932446972 470221344 719522886 451635882 111634844 173342240 530585948 329380774 328923004 620553012 940778386 696970084 871075274 740946522 294040930 628548728 697824588 609078244 5951010 459967296 554145844 232577678 825542418 128145082 576973308 857525282 544441120 168856094 927014768 197451460 934491678 28839510 477423592 492774146 195040538 848675062 90363798 806041416 691598916 372380636 512488774 460241958 266116960 140718498 421026328 25696156 901623792 623360668 651467746 762095496 20752240 447241290 138063432 921704636 200991548 376470048 598671606 820506948 586830622 200808440 494513672 82764816 780436814 188357096 297306356 966016772 492316376 259006266 593544582 172029966 732706662 534827950 58411452 50751434 825389828 423772948 829937010 602699982 25085796
53 164
186709124 19470484 86121796 956556192 338902390 97291384 947004058 999464500 609139280 263583966 995558196 775645488 821483524 83832946 922833802 550544720 664621004 537330426 154604188 455389596 18677016 661965938 42542092 539222542 924542810 271121912 838421014 471106366 602028586 524116132 107728540 924085040 423284660 631356384 739237514 171877376 247134764 475623030 206179608 929944496 21484672 430517426 235965176 971784674 59296474 157411844 544013868 551795958 894482580 662393190 788646156 166353618 124513440 393712718 402654492 683633718 145326716 662179564 458105698 374089644 185091670 164492020 220828248 872448584 543250918 891705442 550331094 602669464 440557848 203402470 801768896 697061638 386968240 349492136 386113736 940564760 473273144 220187370 644936894 772044364 492774146 605965408 195559344 873211534 299381580 748484468 403417442 376714192 308079210 463659974 137575144 224673516 544532674 618447270 465643644 708872104 149446646 242221366 444464152 723825924 744608682 54352558 662637334 763896058 566078382 688791260 691415808 195925560 771617112 397374878 99854896 838482050 827922822 512885508 190981644 378911488 384313174 453070228 114442500 659677088 539039434 546882560 512824472 364873208 904187304 464239816 357091118 138673792 375920724 530799574 127931456 666421566 15991432 708383816 999037248 749857778 950727254 522834376 178408228 908063090 693857248 720468944 64331944 534553288 799541082 934186498 371892348 142702168 251651428 140565908 886608936 730051596 495642838 189425226 1068130 793010230 519172216 186556534 691263218 23437824 887951728 11596840 88288574 217776448
76 155
302433380 430578462 463995672 332341020 655038352 903363318 10711818 127199024 975080618 799968334 838543086 827068318 116395652 280063686 804973286 350255086 351903058 941602372 366643252 75135316 800822838 163606998 675943182 176241450 545570286 380956194 882000718 344975472 594338050 821544560 43793330 676645096 345494278 737955758 560218926 4272520 710336968 664468414 524238204 461615268 550117468 730631438 907147550 555122420 583992448 562690884 979047958 527686738 423742430 804301890 872021332 294132484 891796996 787486472 692026168 730417812 278659858 385350786 85938688 597664512 696115580 577553150 669839582 882000718 182222978 760081308 225009214 831890162 714731560 330326832 67627888 473914022 788768228 578773870 498664120 888104318 715311402 418584888 739939428 24689062 296665478 984480162 262943088 342717140 35004146 631661564 916394504 52460442 530463876 366887396 758769034 242465510 224948178 241885668 2471958 672647238 147798674 741404292 975233208 514625034 819805034 696146098 505469634 820598502 971479494 752848542 637856718 2044706 232272498 932019720 85023148 99305572 446478340 304569640 321934382 123475828 772654724 319431906 729075020 251987126 222048968 812175534 690774930 158602046 793345928 226962366 54627220 259799734 858684966 82490154 858929110 158144276 958417790 213229266 733408576 64423498 660073822 817546702 880566372 479224154 638070344 843364930 42786236 915845180 630318772 743387962 362675912 945295050 428228576 130311860 541541910 344853400 555885370 364018704 203463506
92 186
601326672 870495432 760844258 212527352 340275700 455450632 274478892 844677204 989363042 678506694 674386764 697519408 493811758 313938666 308140246 217074534 549446072 673135526 544868372 886486864 435919112 230166756 523200592 106507820 122072 796367210 253207846 15564180 821483524 149629754 352635490 405340076 89844992 525519960 199526684 388372068 227877906 875439348 781810124 973951452 788402012 299015364 25696156 208132760 658822584 556434694 883618172 35034664 103211876 67048046 963148080 534553288 673440706 300602300 978559670 693429996 520911742 967420600 805400538 365971856 139925030 913373222 420110788 580269252 73639934 126405556 505713778 846386212 614663038 760722186 4608218 622841862 30487482 584419700 399907872 597420368 346074120 757700904 6591888 938886270 213870144 346867588 53803234 175356428 903424354 481482486 838970338 856274044 940961494 559852710 736033124 653298826 430883642 409887258 337986850 57495912 590065530 811076886 515632128 328007464 526313428 284366724 673593296 849224386 792094690 555488636 984724306 552131656 745219042 598610570 884472676 556709356 246921138 666177422 606087480 690988556 729685380 211520258 38239054 43457632 164797200 110047908 686014122 204897852 962202022 85725062 16662828 355809362 332707236 748728612 971693120 855968864 144655320 150758920 925702494 492194304 805858308 264224844 874127074 40253242 202212268 291324828 130647558 297977752 224093674 209780732 315586638 244754360 912183020 460669210 916486058 484808948 753214758 185610476 202395376 629433750 157930650 918713872 772837832 775218236 651406710 139772440 522590232 734232562 807872496 595467216 304142388 172121520 460699728 793864734 68360320 311131010 219271830 579323194 764994706 353367922 823375640 193728264 784098974 281253888 367192576 730143150 220034780 191256306 923261054 385442340
5 100
598396944 417821938 329350256 397069698 552284246 215945368 723215564 547950690 10315084 385350786 758433336 290622914 801799414 258884194 473975058 895245530 454809754 737162290 213473410 694803306 378972524 865337890 519660504 526343946 167208122 52460442 101472350 955060810 548225352 339634822 654305920 938092802 20202916 623421704 815379924 83893982 697702516 240176660 34790520 163606998 402623974 818523278 644234980 30579036 530524912 805095358 903668498 604347954 723551262 570839190 308384390 75471014 881359840 503211302 936627938 987043674 541053622 991285676 119630560 349675244 157655988 709604536 215273972 445745908 316135962 106935072 766306980 479498816 406255616 506629318 824779468 728922430 791728474 724283694 723520744 356053506 4608218 609474978 76447590 531470970 996473736 417455722 288273028 29755050 977277914 417089506 355504182 951703830 873669304 641640950 239627336 729837970 937360370 187960362 593666654 73395790 535285720 971235350 123811526 8911256
192 23
366765324 672860864 140687980 463232722 164522538 12451344 237918328 880261192 617562248 50904024 400701340 145418270 797893110 873394642 969709450 948133224 3143354 989942884 706369628 629708412 832744666 231570584 729319164
138 181
835949056 882977294 850323034 235782068 878460630 68421356 99244536 840770900 705576160 568947074 927289430 541694500 526343946 900647216 856975958 58472488 818126544 219699082 154421080 888256908 703226274 817882400 468573372 12542898 952527816 736612966 112947118 676614578 772135918 31891310 396550892 22430730 29510906 720774124 909497436 856396116 75654122 940503724 170015778 332951380 818584314 352116684 539436168 835735430 205630284 319157244 810344454 836956150 769908104 893231342 375371400 16662828 397496950 137269964 381993806 423071034 971601566 818157062 780131634 955091328 49927448 999586572 668313682 948316332 231540066 566475116 845226528 145998112 369328836 212618906 972333998 835704912 284519314 922101370 254123386 433630262 139375706 476202872 42389502 297001176 124269296 17181634 270389480 46631504 615578578 199587720 123231684 180239308 460425066 961072856 851208056 258212798 544746300 443182396 131471544 442602554 300602300 94209066 885388216 671273928 309513556 484656358 956525674 247745124 657418756 867016380 556861946 128572334 198000784 10620264 886395310 688852296 380528942 343754752 832927774 247928232 798198290 932874224 158357902 135896654 113649032 331578070 77363130 582344476 517554762 829723384 634896472 208621048 376653156 134248682 788951336 405095932 227511690 12695488 604378472 374028608 772441098 931226252 464575514 120027294 33081512 217623858 706796880 168978166 319126726 781413390 587593572 296604442 167238640 921277384 984663270 48065850 907086514 252170234 741129630 330052170 10589746 282535644 58716632 856060418 880779998 673196562 846233622 726664098 235904140 709116248 428777900 925671976 746043028 15381072 525306334 13733100 77485202 48615174 899395978 800181960 1892116 394841884 590340192 274906144 725901148
82 106
581062720 97779672 201632426 656167518 310215470 847393306 581123756 314335400 900769288 515418502 853863122 878735292 421331508 228427230 142458024 973920934 520148792 975904604 176394040 818401206 821605596 545326142 111268628 891156118 551399224 771800220 404973860 428289612 671365482 258579014 281681140 156313196 305454662 224093674 814983190 167482784 737894722 632607622 161318148 344334594 764811598 264163808 975294244 239230602 680765026 880200156 537635606 815257852 681131242 141023678 627389044 954480968 961927360 431951772 669503884 140321764 297886198 253146810 189059010 219882190 380742568 330967710 103425502 652566394 698038214 105592280 883435064 151277726 234408758 752299218 115113896 122590806 776622064 391973192 492865700 811839836 102876178 647439370 775737042 559486494 838573604 201601908 737711614 75379460 259067302 513984156 643441512 136476496 821178344 351445288 280490938 614785110 704111296 289982036 79713016 241763596 141847664 843120786 354558124 15045374 827404016 373631874 190798536 654275402 170778728 444952440
194 188
691812542 767771844 394109452 844524614 328617824 399083886 33050994 854198820 943830186 349278510 609536014 400304606 808971144 253451990 368993138 793864734 348698668 263797592 76050856 577461596 926221300 818736904 332066358 697488890 950666218 445166066 792979712 975752014 88197020 250491744 318852064 785533320 857952534 259921806 586342334 339573786 393712718 256168092 195254164 495276622 653115718 276950850 800456622 483801854 855266950 427190964 300510746 469305804 428075986 161836954 614174750 344456666 246707512 695779882 75989820 668618862 444281044 696603868 982374420 154604188 575966214 917218490 319187762 610970360 417974528 924024004 202334340 745066452 182528158 576851236 62470346 734232562 430151210 417364168 105103992 970258774 460302994 621895804 77241058 884503194 461950966 674783498 872051850 258853676 205111478 418829032 2594030 929578280 554634132 638894330 476080800 289768410 587440982 835064034 99397126 497077184 594765302 341313312 748148770 792705050 750040886 446264714 629098052 837841172 724436284 672128432 68665500 474158166 30609554 868145546 857647354 814128686 376409012 274570446 683908380 67963586 809520468 213717554 684396668 12878596 934278052 564338856 647347816 511329090 982282866 675149714 896130552 984205500 17456296 874371218 386144254 245425756 57373840 230899188 45746482 604286918 391637494 724131104 892529428 641244216 878918400 477667736 956373084 564064194 503730108 214327914 540199118 550331094 974165078 587532536 850139926 982282866 642037684 546394272 525733586 980695930 526282910 389897968 102113228 143770298 721476038 666970890 934949448 897412308 971998300 578468690 619301774 362859020 693765694 37415068 434393212 148500588 224215746 43518668 844402542 971510012 582374994 528510724 587685126 515784718 519660504 328617824 384801462 432684204 143007348 439794898 797008088 890484722
18 13
266483176 578651798 148470070 644173944 869366266 574104616 267581824 417944010 812907966 974195596 298954328 857433728 208132760
78 116
439916970 148927840 404851788 757182098 32806850 629342196 805370020 172823434 506507246 329685954 490363224 308567498 880535854 803264278 464544996 656716842 659066728 94544764 422857408 146333810 512275148 320561072 132173458 624062582 959485920 245975080 830089600 281742176 210696272 383946958 47913260 812999520 822399064 653420898 763743468 579170604 324101160 124391368 291416382 566658224 472082942 882305898 812785894 416265520 285831588 542732112 958021056 306095540 524543384 447882168 341679528 969251680 758830070 75837230 459570562 627602670 694589680 694101392 853680014 122804432 905163880 788218904 950330520 25696156 627724742 297550500 479071564 5554276 780619922 188326578 877514572 240512358 857372692 396398302 588631184 149965452 854198820 669992172 657296684 230655044 886731008 344273558 531593042 277561210 652627430 578834906 475531476 770671054 395910014 89143078 499274480 709146766 529853516 903668498 213412374 673898476 573952026 177248544 513068616 399938390 561744826 592842668 498419976 639962460 575752588 381993806 537879750 599739736 565345950 495825946 880017048 727518602 104280006 957868466 720468944 137941360
187 9
130433932 451910544 117463782 519324806 752512844 333927956 455206488 869152640 670449942
40 146
544746300 359044270 532081330 608132186 765971282 120240920 116731350 821788704 505317044 911816804 261905476 180300344 987287818 975019582 61036 817058414 618905040 167269158 23285234 363408344 883618172 405980954 976270820 194430178 228946036 130189788 696634386 832805702 479865032 185946174 183870950 167269158 808482856 41748624 577949884 641763022 791881064 740275126 928967920 71259530 588936364 492804664 39063040 241244790 767619254 322453188 157900132 946241108 814006614 662332154 812785894 624276208 853832604 315128868 554939312 243228460 618691414 680459846 902997102 595497734 187227930 655679230 264926758 656716842 533149460 117036530 119874704 165773776 411077460 387090312 240909092 81330470 611550202 594673748 240085106 71686782 116426170 333683812 216891426 694162428 185976692 527137414 791789510 420049752 908703968 902051044 305332590 161623328 245425756 982649082 464941730 457403784 98908838 6591888 219912708 971601566 439703344 672067396 146364328 464606032 20263952 120485064 123170648 890301614 708170190 62287238 580025108 776408438 969465306 451361220 99183500 544532674 533881892 614479930 651956034 925824566 773020940 242221366 251132622 128541816 822307510 147310386 300693854 913892028 978834332 196993690 424078128 236148284 405309558 325260844 52216298 603920702 672494648 31555612 552528390 817729810 170107332 271976416 180208790 241305826 918774908 149355092 633126428 262210656 813091074 308445426
97 26
827922822 442266856 322300598 604195364 218691988 816325982 734720850 241549970 247104246 216342102 158937744 855968864 463476866 226290970 638436560 430639498 76905360 242587582 412023518 464453442 444860886 131135846 568275678 133699358 212649424 932782670
132 21
135103186 524268722 813701434 673837440 110719304 640176086 354954858 330021652 460211440 162813530 497748580 498267386 980207642 85419882 612191080 517768388 803844120 56031048 112275722 572944932 599068340
127 170
712564782 136140798 78492296 678018406 902020526 755625680 338017368 500647790 765299886 767802362 708475370 529792480 172365664 315098350 5127024 91584518 328739896 728769840 891064564 726725134 523139556 910779192 856213008 877911306 189577816 772380062 26642214 87281480 440252668 260623720 210116430 484961538 725382342 3997858 84046572 849529566 776042222 108522008 932691116 22247622 486762100 135225258 838878784 956189976 893628076 790843452 737589542 180880186 904309376 362492804 236728126 964887606 936536384 427740288 611977454 956251012 120668172 871288900 881603984 583260016 223269688 739573212 367467238 995771822 947492346 964704498 649026306 829174060 766734232 488349036 315678192 571480068 947614418 817699292 424474862 815746140 918866462 544105422 69184306 177736832 641946130 855785756 966627132 161623328 140047102 576271394 467230580 753764082 841564368 758982660 895459156 26184444 893872220 370183340 626565058 531470970 104737776 90730014 805858308 769480852 666330012 768412722 117097566 507972110 318974136 551826476 505622224 237613148 110597232 237185896 262882052 543342472 408056178 859264808 378819934 672738792 316593732 57740056 567695836 83161550 164003732 250186564 874218628 248355484 205233550 142885276 265933852 506354656 204165420 610848288 118287768 229373288 48309994 478247578 998365852 97566046 53253910 230380382 653756596 757212616 112702974 188692794 612892994 645120002 350377158 179781538 302708042 260165950 430212246 229861576 90394316 663491838 181032776 315891818 154970404 488318518 691843060 704477512 595436698 240970128 534126036 910107796 681283832 173861046 267429234 803661012 652047588 512397220 884106460 902478296
42 15
350194050 373540320 444647260 756785364 897900596 780558886 98878320 92103324 226321488 106568856 243564158 119905222 266910428 83222586 606148516
7 43
357854068 956098422 962140986 664224270 529700926 121064906 974348186 459662116 586647514 802074076 830822032 826427440 773417674 93537670 262454800 29358316 422765854 114808716 58228344 760752704 780894584 659158282 743021746 231479030 357945622 266727320 984022392 77149504 835643876 627419562 6866550 234561348 62256720 720255318 802928580 445227102 167177604 595131518 408361358 542243824 325535506 203555060 37476104
178 145
184481310 350163532 137758252 623787920 11352696 635659422 930463302 456457726 406652350 193606192 753611492 310490132 430608980 693460514 548530532 12878596 149690790 793803698 265781262 433233528 291446900 802623400 9277472 676309398 792155726 659799160 213656518 174898658 642861670 23224198 511176500 714365344 941114084 739695284 444220008 920148218 553443930 481513004 679666378 239139048 295688902 830852550 881756574 946851468 37231960 592293344 899090798 210879380 635110098 615090290 422430156 742472422 104554668 906781334 769663960 67078564 932111274 318668956 953656982 945478158 937635032 585213168 689676282 976301338 591194696 997694456 498725156 911725250 191530968 494452636 562385704 717050928 811900872 447973722 486334848 905896312 419866644 930737964 628029922 181795726 77088468 740519270 145143608 917920404 625557964 967206974 420995810 505744296 766245944 381383446 23193680 104280006 936719492 426733194 851726862 820842646 893750148 97047240 632607622 854595554 407293228 479407262 413793562 634591292 972089854 244449180 218936132 482825278 942975682 865276854 515937308 834117976 274662 846142068 655862338 543830760 351811504 741984134 939099896 314823688 577034344 250522262 464544996 774699430 520270864 157472880 418401780 234591866 139040008 416967434 958417790 661172470 713693948 147585048 350316122 892437874 324375822 825939152 512427738 629067534 2288850 458685540 624520352 232516642 460608174
66 141
860699154 811900872 895428638 581032202 973096948 178164084 734903958 101197688 736185714 599648182 293308498 92164360 360387062 148683696 742808120 369969714 900006338 654916280 116365134 769724996 547401366 948133224 204440082 580910130 952283672 24872170 679941040 296848586 597939174 45197158 733225468 835186106 765238850 565590094 998030154 885113554 115541148 914654978 49591750 537849232 424566416 117494300 256290164 856640260 497260292 275363914 266208514 542274342 795970476 806377114 909527954 350926482 812633304 453894214 798167772 419744572 716379532 468970106 404271946 157137182 307621440 872509620 897992150 853924158 810405490 203982312 526649126 670968748 533454640 662667852 815959766 160524680 931897648 47699634 374852594 976667554 100587328 403203816 585121614 931684022 230166756 774760466 956891890 54138932 57556948 983564622 431585556 805553128 841503332 824047036 413213720 110963448 894970868 592171272 809550986 360844832 205477694 349400582 864330796 39398738 174288298 829723384 61585324 136415460 6439298 395360690 883587654 998457406 781901678 947400792 703653526 775676006 739969946 198061820 594704266 120820762 807780942 210177466 335362302 296177190 904095750 610878806 394445150 345067026 49683304 385076124 175142802 484137552 815898730 655374050 300388674 372502708 141878182 354527606 220278924 414068224 52765622 196871618 923383126 749369490 309025268
3 62
93110418 518958590 745402150 65369556 73670452 745219042 338139440 146547436 230746598 136812194 381475000 942060142 327458140 617745356 963422742 108338900 133241588 163393372 806712812 30334892 333622776 696176616 707041024 132203976 723185046 131624134 519843612 541328284 338047886 606056962 602425320 387456528 684030452 416967434 117280674 517615798 716654194 707956564 102998250 908276716 729624344 428594792 719065116 556190550 807414726 601326672 570564528 128846996 998793104 425939726 519507914 156069052 867291042 253451990 888501052 43610222 574714976 960096280 463171686 690805448 154390562 753275794
155 80
129670982 940137508 45349748 6286708 134981114 690408714 771647630 70038810 694406572 324589448 238131954 643410994 815440960 158876708 981214736 162783012 552711498 437811228 541084140 685556352 199343576 386235808 431341412 607155610 260959418 911481106 156954074 231417994 869549374 987318336 187655182 475836656 792674532 250796924 292545548 492652074 695077968 843181822 142122326 487555568 807994568 26184444 584480736 516425596 663308730 605080386 501227632 542335378 48218440 689432138 649972364 533149460 836895114 823253568 399328030 881634502 855389022 15228482 762614302 929089992 435888594 700937424 636880142 873516714 816783752 167574338 653085200 844127880 44647834 473212108 543830760 422765854 534431216 391088170 435095126 394262042 944043812 410894352 967817334 6073082
30 189
656014928 519385842 568275678 449560658 387395492 332157912 212710460 957258106 472723820 455877884 87067854 443243432 150423222 626992310 127046434 165316006 952405744 834362120 112702974 43579704 837352884 543922314 119142272 933209922 498206350 402105168 531898222 203524542 749369490 698770646 782817218 155184030 400274088 371068362 463019096 306370202 521796764 830059082 968946500 79529908 511207018 390203148 337986850 919568376 862377644 584145038 429784994 375096738 47150310 143282010 109376512 173708456 414495476 925458350 588692220 822704244 513343278 571541104 582405512 766429052 745524222 171419606 434545802 631508974 755045838 721292930 872021332 591225214 459967296 652902092 541297766 380345834 133180552 216647282 984785342 991468784 437963818 999159320 212527352 584297628 825328792 357091118 526191356 639230028 198397518 48065850 750986944 885998576 251224176 840221576 532355992 39276666 387181866 381352928 853039136 871990814 623879474 109315476 427282518 657876526 390660918 484534286 128267154 514258818 625008640 326084830 104859848 676736650 73762006 532386510 744089876 236514500 206057536 968244586 135774582 372014420 643380476 798778132 195071056 605751782 513892602 52185780 99702306 118013106 636574962 692056686 197665086 648415946 941632890 980726448 42206394 16296612 33844462 415075318 709604536 792064172 304325496 15625216 56824516 149507682 497565472 250491744 74524956 431616074 139833476 375340882 992170698 460180922 735056548 470740150 291385864 120851280 134584380 957685358 283756364 254855818 987013156 873303088 409185344 388707766 674356246 687326396 911328516 332829308 640725410 940839422 46295806 180788632 519996202 488684734 480627982 740061500 968366658 626381950 35095700 925702494 608315294 883435064 430517426 148164890 990278582 763438288 191500450 226504596 977796720 213168230 365056316 858257714 463232722
114 100
177126472 819347264 487158834 510505104 429907066 993788152 964429836 680551400 303715136 652169660 854839698 297336874 934979966 276432044 539222542 238376098 131074810 624459316 703592490 67261672 836559416 457098604 782573074 828289038 374120162 939283004 381444482 905316470 492896218 621071818 957807430 101716494 754160816 405187486 544532674 596810008 286319876 406713386 794627684 935864988 440435776 112184168 129945644 709421428 377080408 743387962 274387338 78187116 116426170 232455606 953321284 800181960 82246010 714884150 40131170 915845180 671365482 946027482 931470396 747599446 879742386 547767582 431860218 370335930 516517150 491675498 930005532 208560012 37079370 724527838 146577954 917004864 526679644 342717140 236178802 200442224 865429444 221896378 523536290 729532790 606545250 507727966 656259072 808177676 598396944 874249146 454351984 949537052 882122790 956281530 238467652 16144022 895947444 861675730 918103512 80994772 517158028 169893706 620400422 665353436
99 52
141634038 509894744 154512634 817638256 1861598 535377274 355382110 96101182 384587836 148744732 982557528 556953500 742380868 551460260 254337012 577034344 349614208 205965982 426611122 959607992 583961930 116456688 575020156 712442710 217501786 80628556 465368982 562141560 498755674 568001016 542915220 110841376 307316260 381841216 572243018 42023286 161623328 760325452 958478826 281192852 361668818 73334754 281803212 518134604 47821706 771495040 75776194 996321146 456701870 743021746 381200338 976698072
103 19
106599374 781047174 537360944 997419794 726572544 822002330 354405534 798595024 349278510 525580996 577522632 981306290 684366150 552284246 356328168 202670038 942548430 223788494 365178388
127 118
560371516 315037314 490973584 244540734 836467862 912549236 399785800 478583276 59540618 47699634 840831936 836681488 279544880 491187210 240756502 322514224 134279200 882885740 520453972 152498446 537544052 292331922 537971304 51728010 916089324 133119516 471045330 731669050 901623792 711801832 295200614 80689592 884198014 192690652 13855172 98786766 333042934 260349058 796641872 107667504 291446900 260135432 682138336 267429234 951459686 98786766 1342792 931195734 715036740 685983604 178164084 868877978 647958176 198031302 62897598 891339226 732218374 945356086 455389596 906140456 823711338 124391368 973829380 936292240 721231894 235751550 925366796 132905890 252933184 449621694 335209712 313633486 786906630 699564114 789805840 57282286 71320566 786174198 251102104 886792044 811595692 271762790 497565472 570869708 889355556 447271808 348301934 76478108 630898614 152651036 326817262 202578484 30365410 732126820 920544952 427038374 334416244 905377506 91950734 997511348 894238436 836040610 198305964 797862592 691629434 178682890 975599424 20996384 445166066 385625448 743235372 179842574 702493842 54566184 485755006 487311424 825359310 598854714
109 104
273441280 20874312 537727160 513770530 93140936 70405026 779155058 871563562 17975102 569008110 661294542 499518624 86243868 181551582 350071978 918042476 182619712 416540182 332524128 129457356 410070366 135621992 12085128 457037568 697580444 354924340 431005714 3143354 551033008 617897946 275699612 257816064 352482900 722147434 821788704 888806232 114778198 80842182 974714402 244662806 97352420 500281574 62348274 602028586 189577816 654427992 535896080 688089346 468207156 38300090 234866528 509894744 834453674 681009170 373418248 21362600 137880324 399633210 902936066 659707606 692544974 875714010 408422394 281864248 591927128 334812978 193819818 532996870 729349682 111421218 713510840 177523206 929212064 879193062 5371168 424444344 96101182 829082506 282322018 778178482 787791652 575538962 338139440 445745908 117982588 72785430 924085040 832073270 395757424 321781792 752390772 154421080 407354264 149873898 283054450 707102060 746897532 843548038 950025340 807933532 102082710 916211396 983106852 957441214
141 81
481757148 242404474 228915518 686227748 897290236 514716588 412206626 465979342 579140086 376683674 191592004 768199096 542304860 504584612 874767952 160646752 111421218 341069168 384221620 624245690 598091764 688089346 603737594 139162080 667764358 231387476 929578280 655648712 552284246 528022436 433386118 230807634 764262274 487799712 542335378 612862476 469855128 880352746 643410994 53589608 175814198 898724582 517402172 630807060 887493958 310703758 9674206 861797802 393346502 229708986 843120786 888928304 833263472 35614506 980116088 18799088 205721838 477515146 439581272 896374696 971113278 489142504 975355280 94636318 406804940 748759130 521979872 402166204 870373360 514045192 814647492 588631184 627511116 763987612 88837898 930371748 400274088 178347192 266574730 277042404 292789692
129 28
940229062 249545686 216738836 724863536 185854620 703745080 376561602 391118688 611275540 570900226 96894650 9033328 188296060 244571252 769633442 184694936 253604580 750498656 710916810 290439806 227572726 714670524 880963106 430547944 342930766 302647006 691782024 142824240
189 72
934155980 743021746 180727596 889233484 354741232 718149576 249911902 583015872 915143266 74463920 179537394 464148262 263614484 47424972 222995026 394078934 451086558 78553332 772929386 543067810 422399638 466559184 33203584 499121890 314335400 598457980 950757772 597756066 91462446 166902942 188265542 128694406 551216116 280277312 419317320 575722070 229129144 871319418 726847206 545875466 236056730 311222564 386540988 544685264 557930076 634713364 816142874 252994220 850017854 282901860 972059336 462195110 256168092 769969140 974500776 323826498 285038120 179689984 242343438 70008292 274143194 898724582 919141124 860607600 472784856 491919642 871044756 913800474 275730130 127015916 38788378 576027250
119 155
423925538 487586086 204714744 346287746 491400836 500281574 179537394 408361358 269199278 503241820 476111318 658944656 926679070 813121592 170320958 292698138 112489348 285099156 792766086 929273100 833782278 800822838 490088562 254153904 157259254 289463230 586586478 459143310 514106228 938336946 577461596 387151348 889630218 749094828 84992630 788890300 678750838 96131700 809062698 596779490 488837324 442816180 2441440 622963934 671243410 872479102 503577518 587135802 862255572 589943458 856609742 880871552 315342494 50171592 550697310 974500776 305515698 869915590 909985724 872784282 387395492 178896516 664834630 525642032 787761134 566810814 736216232 600411132 714304308 282016838 264163808 521216922 861706248 838787230 411535230 182802820 895977962 688638670 974531294 243869338 198855288 112702974 331089782 407110120 653054682 990766870 758311264 591621948 749705188 603676558 650460652 404302464 799571600 125184836 668344200 816173392 528724350 959516438 351933576 450079464 840587792 580635468 226779258 386052700 24719580 30243338 936078614 890454204 194857430 729685380 429113598 975111136 235873622 762827928 737986276 192812724 42511574 285892624 372960478 575538962 329869062 220462032 868786424 121370086 797710002 885815468 512061522 736460376 929212064 727213422 781993232 38300090 206179608 795939958 535041576 926862178 21148974 137575144 464972248 329167148 68085658 744852826 869549374 24200774 493048808 230960224 255252552 954023198 585518348 880200156 810924296 927472538 292392958 231265404 282016838
27 40
850658732 276279454 295536312 212069582 451269666 532508582 96803096 866100840 13122740 183321626 410497618 300388674 62409310 543372990 113465924 922223442 764659008 454260430 165865330 896405214 989088380 717111964 438024854 290104108 999433982 644692750 179842574 289829446 928296524 263461894 538917362 271610200 690866484 197634568 33722390 6469816 494208492 765849210 388494140 781474426
19 15
635079580 718210612 487555568 372746852 889080894 69947256 100861990 497931688 705972894 778209000 290287216 614083196 423467768 70618652 150697884
161 57
381017230 385076124 842663016 530830092 372899442 358830644 668893524 22552802 347844164 999830716 300602300 707590348 819743998 200289634 258731604 929913978 536567476 877148356 810710670 333012416 730326258 346501372 471533618 481696112 877026284 169069720 92835756 720072210 747599446 122346662 570930744 172152038 31067324 456335654 705393052 291324828 311131010 88197020 239139048 864788566 677774262 893170306 611641756 879528760 754618586 746897532 455908402 155611282 423620358 476569088 371190434 153505540 28503812 375829170 2258332 861462104 337590116
53 98
168978166 47852224 983991874 589668796 633279018 111268628 778056410 193667228 44220582 664712558 393865308 613716980 694467608 844249952 880535854 830028564 760966330 265994888 448736672 533118942 704019742 453894214 312382248 224368336 90089136 996077002 344395630 873577750 744883344 710947328 703195756 663980126 642464936 604408990 86365940 856762332 437261904 899304424 767466664 305851396 44678352 918195066 71991962 654183848 176851810 101319760 449469104 743174336 239871480 940076472 797221714 266025406 498206350 108094756 192507544 196657992 913495294 570747636 688913332 25146832 562873992 954389414 333622776 331059264 44067992 956617228 61646360 725962184 772807314 78889030 623055488 696420760 579048532 462500290 199923418 378331646 508521434 109468066 868786424 794627684 235415852 269290832 565101806 586494924 992597950 273136100 706033930 770701572 425726100 596504828 127412650 552925124 277622246 431402448 491828088 729349682 308659052 549995396
173 94
359868256 740214090 324589448 676187326 964948642 594765302 136323906 960309906 417242096 935315664 188509686 84260198 698068732 652322250 806316078 582710692 172701362 242282402 223269688 85450400 460058850 823589266 659219318 709116248 382543130 911786286 118440358 286838682 402288276 736399340 565345950 466955918 449713248 379552366 633004356 212161136 551307670 518317712 521125368 730356776 162020062 51728010 239963034 368169152 609474978 394078934 856029900 498999818 555397082 715006222 895916926 936048096 880963106 908490342 564766108 902173116 902295188 571541104 935376700 87769768 322239562 773844926 764201238 827556606 824809986 899518050 90546906 927716682 718210612 342778176 275394432 175081766 533149460 337925814 635720458 58747150 982618564 705789786 330754084 736033124 188784348 796947052 656777878 773905962 584175556 413976670 405889400 696786976 392705624 992994684 445837462 872631692 97108276 826641066
192 86
798839168 608956172 20721722 102296336 877026284 84016054 601601334 937329852 852215150 79255246 769511370 224551444 861675730 704843728 128175600 850689250 652230696 122072 219973744 706705326 496741486 809032180 25543566 813915060 941053048 164644610 934247534 38116982 786693004 965375894 841289706 422643782 216799872 222933990 528297098 671792734 470404452 664163234 983350996 816112356 971906746 967420600 816448054 590462264 322056454 414922728 427252000 556098996 56275192 242740172 80872700 498328422 576912272 468878552 548072762 130708594 165651704 481238342 466254004 637246358 482062328 166811388 77424166 83405694 454931826 862804896 499182926 228152568 972211926 911603178 185488404 766825786 276340490 100221112 732767698 537574570 470496006 765971282 688180900 721659146 42786236 849285422 516089898 569008110 814159204 675027642
18 19
216189512 743845732 888806232 379186150 305546216 314030220 485999150 197634568 420660112 56153120 600685794 19684110 887585512 560951358 254245458 900982914 680734508 981916650 256076538
184 53
594185460 652413804 372960478 784922960 550392130 583473642 995100426 229251216 615242880 204897852 653512452 773631300 159700694 830059082 629464268 410680726 196322294 949079282 369023656 552711498 736826592 281253888 951001916 752909578 253024738 516974920 486426402 631692082 522834376 905133362 981062146 414464958 641976648 342656104 691934614 986921602 483130458 122133036 509284384 874218628 383489188 994032296 395116546 50019002 342350924 699472560 409795704 982282866 509284384 629983074 357609924 821086790 244876432
52 194
135774582 535011058 582313958 947248202 106935072 39673400 980024534 520911742 579628374 558052148 62867080 16693346 884472676 190615428 752451808 500495200 832256378 980055052 995558196 407720480 788859782 311588780 687662094 398168346 236422946 854687108 973310574 79651980 726999796 326695190 79774052 132203976 635110098 860241384 340153628 863720436 615517542 255313588 562019488 728861394 172091002 897290236 398259900 841655922 244357626 622384092 876049708 13855172 217868002 311375154 740000464 349736280 264774168 493415024 766581642 928784812 420446486 740610824 704874246 607674416 302891150 134828524 976576 472449158 880993624 588356522 961652698 972486588 197726122 298893292 513678976 267276644 454779236 120942834 215304490 817424630 364690100 134096092 675729556 750864872 176851810 190218694 39124076 35919686 283695328 720133246 689401620 992170698 812877448 581306864 831768090 170412512 112519866 228122050 107698022 133088998 534827950 985212594 899182352 166292582 425115740 705850822 478796902 454779236 721903290 596382756 661660758 750864872 74830136 487738676 115632702 69092752 886212202 335575928 985975544 437170350 182741784 230197274 990583762 234988600 723551262 697397336 642342864 152864662 250827442 571663176 754679622 299900386 289249604 222903472 886395310 494269528 400426678 417791420 882397452 266208514 298893292 597328814 166292582 605171940 735392246 851543754 941175120 982527010 554145844 372716334 954816666 680703990 830333744 668466272 985731400 960279388 493506578 315678192 706125484 96314808 344059932 536811620 77881936 814983190 868115028 379827028 938184356 161714882 757731422 782634110 930829518 332646200 542426932 303684618 439459200 499671214 238162472 799937816 678872910 161287630 420202342 833110882 601113046 49957966 626137806 85938688 771830738 127229542 495093514 569160700 874005002 698282358 549659698 901135504 994581620 176546630 26520142 440618884
92 63
662271118 554512060 611641756 941480300 840465720 801646824 472540712 710031788 6286708 313633486 636666516 931836612 755137392 154512634 861675730 984632752 501075042 939862846 227023402 351353734 131868278 497199256 277988462 812511232 556373658 848491954 203219362 539192024 550941454 296116154 701334158 117555336 810619116 893872220 693582586 36285902 612160562 83649838 538307002 668130574 994093332 779643346 903637980 276767742 860882262 680887098 954511486 80689592 917279526 93781814 10711818 904339894 838634640 45349748 331486516 449011334 584175556 968946500 183565770 713693948 258884194 743448998 848705580
192 180
367314648 726725134 216952462 307987656 48371030 190676464 962079950 687173806 991133086 350102496 835094552 70771242 662515262 378911488 90302762 868176064 817485666 563636942 714182236 81452542 65369556 729044502 774028034 384252138 258823158 196596956 167086050 999342428 485999150 932752152 801433198 281070780 947767008 42358984 739573212 409612596 500739344 264835204 336277842 102357372 147554530 627755260 901898454 749277936 255893430 915356892 921948780 878399594 786998184 107667504 365147870 357640442 315373012 446447822 110078426 239108530 120729208 284580350 22644356 652322250 133363660 374547414 714823114 652474840 14373978 753092686 516456114 429998620 151918604 877300946 691415808 787791652 854656590 169405418 428625310 292148814 523719398 625649518 640298158 3875786 84565378 646005024 97627082 195772970 459631598 740854968 935956542 962446166 363530416 270938804 59967870 129304766 201418800 876568514 480872126 366338072 352543936 752634916 116273580 913342704 619393328 425726100 84290716 822795798 124391368 189181082 22919018 126375038 435034090 852764474 466284522 831768090 198733216 963056526 808452338 155641800 68726536 150545294 886639454 899243388 202273304 760447524 714792596 372868924 112306240 422369120 398626116 775370826 153932792 716074352 763835022 435034090 426794230 589088954 728067926 817943436 374974666 682443516 948774102 710245414 865093746 221011356 777171388 480475392 24292328 624459316 50537808 828350074 619454364 495124032 753397866 925702494 258304352 139101044 79163692 356877492 194369142 276920332 923474680 763682432 16388166 99732824 340245182 601814960 4089412 327580212 992170698 915112748 430883642 425787136 126252966 533210496 595314626 635903566 106324712 599678700 862225054 977247396 33112030 836162682
16 31
483740818 449316514 559242350 574135134 901410166 86488012 682229890 986341760 666909854 746470280 944135366 141115232 382878828 51575420 687448468 882672114 402166204 787364400 522803858 977094806 131868278 116059954 313511414 284183616 143495636 370244376 419866644 149477164 621682178 832683630 984236018
69 175
408819128 538886844 13977244 586006636 598091764 716776266 377995948 396795036 670358388 347538984 859081700 85297810 453558516 719278742 777049316 640023496 639077438 287693186 675454894 198214410 10772854 613655944 633889378 734629296 504370986 810680152 50629362 337956332 502723014 283176522 552650462 106416266 274143194 37323514 188448650 193819818 959272294 345097544 560524106 37201442 13061704 43213488 53620126 297397910 508155218 248263930 814678010 543800242 205813392 768778938 641244216 214236360 800639730 996015966 434240622 881909164 245425756 554481542 371373542 359929292 562324668 493476060 457525856 675058160 46539950 300937998 608498402 441839604 268924616 520576044 923871414 668435754 783641204 254123386 306065022 525306334 947095612 329380774 80750628 107911648 754465996 415533088 776103258 725077162 100129558 867046898 715830208 743784696 368108116 577278488 583626232 521827282 758830070 623208078 613961124 459814706 258456942 982282866 566322526 703378864 657174612 102815142 139131562 527106896 522376606 609383424 978925886 931317806 533271532 923779860 941754962 482977868 83069996 83649838 762827928 932202828 555000348 539497204 790385682 634926990 178286156 211337150 940595278 314091256 870770094 586647514 528968494 189425226 973646272 140169174 135469402 7965198 285404336 857738908 158724118 5981528 300815926 144411176 216036922 334019510 60944446 898907690 45380266 975935122 521033814 35095700 65552664 693216370 842235764 232364052 250949514 26306516 513160170 195223646 476630124 883496100 707987082 204348528 990919460 748972756 787028702 239718890 170656656 41412926 346257228 457403784 216311584 654183848 721720182 300846444 942456876 208346386 355473664 28381740 320561072
34 193
938123320 929700352 522071426 670144762 70923832 971754156 545143034 741129630 673684850 7476910 32989958 111512772 203127808 69397932 179628948 824871022 152284820 307865584 145723450 63568994 480231248 826732620 177004400 919141124 926587516 864452868 685373244 273593870 992231734 977552576 324131678 698587538 867138452 381780180 588936364 778178482 86640602 108308382 974866992 761820834 197726122 130006680 221835342 953718018 216067440 115205450 678964464 744608682 155428174 964338282 319218280 692483938 410772280 786143680 436041184 558326810 275760648 469580466 552406318 703256792 376592120 507727966 574440314 753123204 302860632 229739504 720224800 937085708 217288160 97413456 255160998 6134118 724680428 222445702 565498540 138093950 782451002 760478042 600716312 734995512 933026814 338536174 216464174 519385842 639962460 171938412 449072370 835857502 8819702 26672732 253085774 563606424 673867958 683877862 732645626 546852042 132295530 62653454 398565080 948896174 306797454 657113576 481970774 436285328 618020018 444158972 835674394 599556628 347813646 918469728 454870790 515998344 575081192 410253474 148164890 861919874 464911212 342808694 390233666 479498816 192385472 585731974 887280332 805125876 282779788 559883228 886853080 65400074 648629572 250857960 762919482 646829010 105470208 786601450 907513766 545661840 647530924 735880534 460394548 304050834 263980700 783824312 907757910 338810836 578041438 940412170 81452542 68909644 88929452 938581090 589790868 748270842 299381580 978071382 211031970 409490524 508277290 471014812 281498032 825603454 551307670 946027482 608467884 895428638 269809638 766429052 940229062 358922198 989271488 819499854 523841470 248965844 789042890 832347932 781810124 985945026 844402542 471258956 639596244 520545526 621712696 880444300 534339662 432440060 208895710 816234428 636788588 389623306 561470164 33691872 317173574 875561420 946088518
54 132
590431746 362492804 158388420 144807910 431921254 225436466 198183892 766520606 462866506 87281480 821117308 55817422 771067788 683053876 326328974 102082710 628182512 79102656 370732664 866711200 853618978 206393234 494055902 233065966 789714286 559852710 145631896 550788864 794627684 344883918 369817124 204897852 658822584 852581366 805492092 242221366 851909970 344670292 156374232 585121614 5523758 229220698 788432530 864819084 539192024 809062698 610298964 404760234 834423156 383184008 893170306 385930628 864483386 983534104 186526016 724771982 685220654 527076378 985792436 695474702 693368960 665933278 307926620 827434534 58869222 115297004 831951198 109620656 237216414 741648436 759745610 32684778 968061478 191714076 53925306 500037430 666513120 343754752 209200890 139650368 613137138 362370732 212588388 47394454 849163350 638131380 850017854 492987772 182833338 393102358 14343460 620583530 213656518 233676326 171907894 674264692 780070598 432104362 643349958 780528368 737528506 217440750 855205914 818401206 472754338 857799944 218417326 408971718 60517194 814769564 790233092 555061384 469488912 751292124 375127256 962629274 722849348 674417282 221987932 575081192 420477004 994093332 972791768 351811504 528571760 778880396 19623074 821880258 843181822 990797388 926434926 444555706
107 53
70923832 307743512 673166044 16784900 163973214 195437272 159944838 155885944 801921486 555519154 939862846 190737500 708231226 399450102 932172310 2777138 821330934 664651522 567360138 72449732 883801280 70984868 342472996 438452106 690195088 2868692 300175048 885327180 649209414 447699060 338078404 640816964 816356500 522468160 754099780 364201812 53955824 619393328 934735822 707224132 473944540 701791928 591835574 227908424 820506948 781962714 454840272 939832328 948041670 111512772 823894446 276889814 51331276
11 142
755656198 803966192 606179034 234347722 115968400 60944446 292148814 393865308 221652234 282138910 140535390 931653504 501929546 332890344 597115188 886090130 215090864 817363594 210940416 24322846 316135962 601845478 690439232 799907298 208498976 683389574 921826708 421789278 162355760 60608748 982069240 940839422 679880004 762583784 677011312 760203380 589211026 692178758 636330818 475806138 147920746 440252668 496192162 453131264 937940212 726633580 201083102 46509432 832134306 624367762 956281530 867443632 815074744 223391760 861523140 7660018 937940212 889996434 757914530 624001546 190005068 778086928 318974136 790263610 566902368 748850684 916760720 23437824 117768962 354649678 294986988 389806414 251895572 43793330 579872518 597084670 86579566 242251884 660134858 979749872 117158602 468451300 467322134 782573074 990522726 137544626 187960362 649667184 663552874 211611812 938397982 724680428 727274458 351475806 933881318 268527882 178682890 726908242 683053876 201113620 420660112 141389894 239016976 472998482 772044364 627236454 38330608 673349152 268405810 168123662 359196860 780741994 35217772 704355440 929883460 462317182 14679158 77942972 718882008 828655254 326969852 73304236 438116408 49256052 47852224 209689178 789927912 736246750 683389574 442144784 989851330 501441258 123140130 426672158 595650324 593788726 353184814 506263102 174562960 22980054 710214896 73762006
113 93
957715876 468054566 185946174 630623952 965864182 59479582 659585534 178682890 276096346 681375386 888165354 954480968 331669624 62989152 6500334 85267292 655526640 421117882 507300714 163942696 756693810 866009286 648324392 151857568 46356842 777751230 947797526 18280282 545081998 810069792 798808650 22064514 662179564 676797686 733896864 42511574 828716290 378331646 371648204 865032710 265079348 23346270 575905178 828258520 664895666 902783476 859264808 738718708 75806712 971754156 561805862 459356936 759074214 396154158 836712006 78126080 308781124 319920194 973493682 62806044 812297606 509040240 90546906 308628534 332493610 29053136 728189998 484442732 494086420 611824864 372868924 584236592 454351984 868053992 444982958 89753438 39978580 1800562 780070598 650887904 331150818 183108000 136079762 689706800 474219202 235171708 756815882 834728336 4028376 792186244 523353182 591408322 457403784
140 75
155306102 558693026 4577700 979658318 774028034 759104732 618630378 337376490 564094712 410528136 765513512 95155124 189455744 355595736 913983582 357060600 307407814 214816202 925549904 869000050 188235024 152437410 882275380 160768824 415075318 401891542 635171134 525428406 70130364 332249466 729715898 868145546 313389342 337162864 864361314 955335472 760111826 327152960 538673218 95429786 563606424 106538338 47058756 782634110 609047726 416662254 474554900 334599352 725138198 926282336 850719768 55725868 319431906 950238966 118013106 957074998 343815788 178316674 70862796 563881086 996290628 194857430 921826708 842693534 65247484 70496580 650643760 778483662 322849922 807841978 793040748 633645234 873058944 921491010 825206720
154 170
934400124 799968334 613350764 452124170 71167976 391454386 647714032 479041046 930280194 4119930 210391092 676889240 415655160 102418408 879223580 898449920 709543500 417455722 127351614 224704034 567482210 186861714 228671374 373601356 717020410 84168644 94819426 314030220 640816964 993757634 574989638 490790476 526191356 287906812 250186564 567726354 661538686 761881870 252597486 94086994 61615842 883679208 141664556 1403828 602394802 514258818 368138634 336399914 446844556 754954284 357152154 136629086 43244006 77820900 741739990 855022806 476843750 395696388 778025892 239230602 456183064 227786352 473334180 72602322 715738654 617348622 458258288 682565588 115541148 957349660 134309718 622841862 219515974 380864640 128145082 435827558 633340054 872051850 583687268 901257576 883618172 753886154 323338210 677347010 119142272 709451946 409643114 740977040 415655160 992475878 138612756 532783244 965436930 983564622 995863376 213564964 932965778 748484468 606941984 938489536 257693992 754465996 212985122 554786722 185396850 401281182 703226274 629799966 809489950 522712304 735026030 215273972 402868118 515082804 973402128 254245458 822704244 249026880 980695930 36560564 768077024 420690630 788127350 609871712 172762398 498664120 679910522 551582332 514075710 922772766 221835342 8545040 318638438 711099918 65064376 410619690 647073154 131654652 556617802 764201238 838115834 594429604 687662094 932080756 293949376 420629594 411107978 806071934 587807198 644997930 859478434 778209000 674997124 507727966 494391600 417120024 488593180 791881064 719065116 755869824 701486748 662911996 984876896 97138794 935437736 166353618 923230536 742441904 198489072 40009098
108 154
832744666 996626326 963331188 736460376 752390772 133851948 896496768 802806508 254550638 627144900 106751964 33478246 183474216 362218142 181490546 432256952 729502272 663217176 963239634 526832234 643899282 772868350 734171526 939832328 151186172 240603912 676370434 133424696 339940002 875622456 638406042 234225650 313175716 419988716 740000464 344456666 879986530 599343002 845806370 245669900 69214824 706430664 439550754 901318612 246982174 374059126 929730870 664315824 118440358 694040356 918469728 596199648 396215194 337834260 464117744 803477904 415441534 835491286 869671446 198092338 477881362 668985078 27435682 587929270 205416658 336399914 851909970 503424928 684793402 42908308 831554464 667123480 684457704 175051248 231173850 511786860 725046644 214388950 975721496 653604006 284549832 246860102 747141676 726908242 919629412 724283694 325352398 486182258 583870376 633797824 704508030 582222404 925061616 731882676 16052468 918195066 841747476 999067766 789500660 991896036 81147362 971693120 582497066 130891702 159059816 106568856 511176500 26306516 383580742 835613358 712229084 471655690 263248268 465491054 267856486 713114106 81544096 579933554 624733978 317265128 918439210 99671788 38605270 962812382 900464108 657327202 75226870 62195684 960706640 442419446 699533596 619698508 889599700 173922082 983625658 231936800 958173646 355687290 965314858 637490502 894696206 471350510 688364008 721231894 496161644 274967180 955457544 380254280 655709748 833690724 825450864 157320290 87373034 478522240
44 184
529365228 319584496 832164824 388372068 707041024 482092846 385015088 227877906 836925632 719278742 76203446 96497916 953077140 558387846 935681880 569221736 836742524 636513926 609444460 536384368 831188248 381597072 941083566 585060578 321995418 695810400 546821524 398259900 165132898 796886016 916394504 577553150 843242858 874188110 70282954 796336692 631783636 715067258 305088446 688791260 556221068 958509344 57770574 382054842 421362026 131898796 420507522 76630698 694376054 127229542 337040792 582374994 522468160 272922474 12024092 215457080 666604674 657693418 564521964 963087044 632424514 862682824 456640834 321995418 779856972 757914530 729319164 716989892 692239794 519446878 575325336 905987866 586769586 523749916 282077874 277286548 46875648 274753554 74372366 446081606 858440822 20935348 888958822 55756386 230441418 217745930 611946936 190645946 181978834 492102750 810405490 306217612 376225904 264987794 489325612 83375176 183138518 688730224 905163880 112519866 251895572 54718774 967420600 814250758 374120162 328282126 259128338 502173690 919751484 966627132 208071724 995222498 626076770 676217844 439306610 684335632 21728816 266116960 840679346 461004908 266788356 252933184 372655298 413183202 689737318 374150680 153291914 694955896 803416868 665933278 850048372 476355462 80537002 261539260 909314328 379643920 270114818 566749778 655160424 307957138 536262296 968519248 788646156 72876984 200594814 733011842 318363776 727091350 369267800 249362578 454321466 8300896 225955272 275455468 495612320 800914392 272403668 341832118 243747266 21240528 297153766 970075666 972425552 833110882 354222426 861828320 485266718 599556628 532783244 714945186 292728656 477118412 799052794 822673726 439337128 59235438 691690470 112397794 12726006 974317668 152132230 779979044 865215818 845440154
70 200
579933554 517432690 229953130 100861990 212100100 958021056 227053920 162844048 836986668 738718708 655190942 358708572 435766522 502448352 326420528 529914552 150545294 323338210 16876454 852611884 439764380 365636158 115205450 16845936 165224452 747568928 655801302 251773500 142000254 16571274 518378748 852550848 182497640 142091808 74372366 365361496 166017920 432226434 62165166 87342516 164675128 280338348 971967782 36682636 157533916 148225926 721628628 50049520 363652488 691629434 904919736 162996638 725657004 434728910 393224430 929944496 574898084 899640122 571907320 839855360 9491098 597206742 992781058 483771336 16449202 785563838 723856442 630684988 869427302 402166204 177736832 867809848 832683630 76356036 699319970 961408554 703531454 627907850 695139004 594917892 223269688 958204164 584480736 639901424 889080894 740397198 354161390 616616190 197115762 814525420 998304816 500434164 848827652 694009838 623726884 529945070 951185024 89570330 502875604 173433794 742441904 857311656 855205914 909711062 874493290 276432044 638314488 979780390 783000326 63782620 130098234 765330404 176973882 30456964 583107426 950483110 178316674 787730616 732615108 122987540 143404082 407537372 439184538 971143796 697305782 444891404 247470462 732615108 12268236 227298064 142122326 51483866 861523140 818431724 282352536 899884266 479742960 561500682 996199074 720011174 761454618 609474978 815746140 443365504 828472146 347233804 834697818 543281436 497901170 113130226 169466454 776469474 681619530 125215354 804973286 770701572 248599628 19073750 606423178 114381464 381658108 903088656 778575216 103944308 959333330 337498562 553169268 806316078 994429030 143709262 386510470 591469358 660562110 449774284 447668542 792369352 937787622 878430112 679330680 647988694 408666538 284214134 211825438 185640994 235812586 945325568 412237144 199221504 852520330 616982406 349247992 979261584 397496950 352513418 955427026 951185024 424780042 497809616 667916948 878277522
171 43
828990952 784861924 158296866 800731284 627663706 256931042 421178918 125276390 863293184 275638576 127595758 899884266 313053644 240481840 386296844 376866782 983961356 337986850 515204876 470312898 30914734 912427164 554084808 342411960 622170466 994825764 303043740 413854598 533057906 646279686 917065900 704416476 749735706 272098488 588966882 909650026 863781472 562843474 351170626 120240920 539222542 218447844 528022436
141 28
112092614 869701964 460180922 649239932 49530714 898968726 842022138 112580902 780345260 502143172 170870282 134492826 417669348 295505794 231356958 961347518 922101370 798198290 763499324 980940074 806407632 942975682 55146026 570350902 717203518 956525674 427068892 265933852
36 194
16632310 36865744 252872148 578773870 766795268 943525006 977674648 322392152 26245480 961713734 730753510 48523620 667276070 254367530 183870950 759898200 127351614 671762216 798747614 535011058 280826636 761179956 922131888 867107934 546974114 67902550 8361932 622200984 140687980 8545040 124727066 147737638 871746670 97443974 396489856 562629848 399450102 808421820 547431884 760417006 348454524 851909970 192538062 156343714 192202364 150026488 38818896 710062306 310062880 289585302 650491170 254733746 124818620 735209138 935010484 664285306 726267364 583260016 5859456 889508146 887371886 138368612 578926460 394841884 879437206 92896792 557777486 26581178 992231734 591835574 965131750 844066844 165377042 963178598 875958154 945020388 637490502 395910014 509101276 816203910 19012714 346287746 132844854 240817538 695169522 954053716 941907552 293766268 965284340 249484650 560554624 455938920 824535324 432989384 329716472 379125114 794841310 7812608 32898404 332218948 710367486 47913260 218295254 860760190 864880120 381688626 772471616 690164570 426244906 972730732 902539332 404699198 524940118 279636434 182619712 932935260 922772766 875012096 821056272 371007326 667581250 105866942 804546034 175264874 640939036 76233964 75593086 255069444 404302464 733072878 399266994 997328240 250430708 337101828 75745676 754038744 866222912 99824378 154756778 823680820 512793954 267459752 308292836 458288806 129854090 433569226 17761476 927075804 269748602 361577264 231814728 167787964 268009076 97962780 151125136 57495912 556556766 658242742 296299262 833507616 525489442 65766290 515540574 696024026 840221576 26001336 87525624 123781008 619759544 16327130 576759682 933667692 382756756 73304236 596687936 615822722 166994496 58380934 137575144 975385798 729563308 683542164 614937700 612038490 232638714 77607274 294864916 268863580 322575260 175295392 252811112 581428936 7232766 709329874
91 117
238711796 87556142 584938506 226077344 607277682 936139650 873730340 764536936 52948730 589729832 419378356 172487736 885022 310581686 322605778 986341760 826824174 516913884 192293918 287998366 58747150 802837026 211642330 131898796 221499644 29999194 987409890 622200984 729715898 273319208 838512568 671609626 736216232 900860842 680551400 973341092 341649010 570350902 162081098 216952462 71503674 422460674 209200890 79713016 27283092 252841630 634591292 24628026 617470694 944013294 967084902 436163256 274936662 937940212 158510492 125367944 67017528 31219914 323490800 735300692 604256400 273624388 168734022 77912454 154268490 251376766 268100630 934094944 367070504 536475922 839550180 347752610 517768388 583443124 180269826 945172978 673166044 854229338 416509664 311192046 688638670 453314372 723703852 953260248 440985100 53498054 673806922 884289568 204134902 394017898 865887214 356541794 573524774 132387084 495948018 776561028 845684298 330693048 22705392 333226042 259006266 358159248 585030060 370061268 2288850 490882030 327946428 32745814 396795036 989973402 292698138 223269688 158754636 939649220 27832416 392217336 147981782
124 7
199892900 509040240 739725802 488288 577980402 611397612 177950458
186 142
694437090 736765556 400609786 51850082 624154136 465368982 358800126 653329344 666940372 969251680 428838936 262607390 687662094 441503906 168642468 294254556 677499600 703989224 226413042 962354612 18249764 39429256 969221162 19714628 389226572 95948592 894635170 147890228 722971420 644936894 482001292 28473294 115846328 473669878 639413136 627328008 100404220 194247070 402288276 723124010 184847526 249271024 40802566 211184560 66529240 896649358 231082296 213870144 425726100 453619552 447607506 529060048 705332016 582161368 232241980 447485434 783427578 896527286 496710968 470831704 944623654 674203656 514411408 961133892 56458300 951917456 757853494 253238364 356999564 787242328 238223508 261386670 760294934 967908888 502967158 111146556 85419882 949353944 948102706 828075412 115632702 302067164 600838384 614113714 894024810 450079464 29510906 743235372 161562292 981519916 536536958 607552344 344029414 312901054 290836540 944928834 994032296 988050768 556037960 779429720 94361656 393010804 670510978 106202640 128938550 168367806 935712398 851421682 327549694 99885414 68909644 139040008 990614280 769145154 376775228 395482762 300419192 744974898 305607252 323216138 524879082 597298296 525062190 275150288 19989290 514380890 201174656 60150978 937573996 805034322 615242880 712015458 44129028 66529240 784373636 251987126 557594378 300083494 240573394 977155842 407415300 754740658
50 54
825328792 780833548 247378908 707376722 671853770 474921116 286350394 759959236 405889400 396428820 754527032 846874500 102723588 138277058 916577612 543464544 427404590 32013382 298008270 213351338 969343234 768962046 946271626 849346458 844341506 218814060 100465256 689737318 970808098 226626668 925305760 641335770 925671976 669412330 465765716 40314278 786845594 554176362 478857938 782176340 868237100 437750192 298374486 352238756 753550456 950452592 389409680 787608544 535072094 704355440 748118252 102052192 664102198 367711382
143 159
318546884 186526016 979536246 846874500 694711752 734568260 565651130 618294680 128816478 173433794 66376650 540992586 455237006 803355832 671396000 274936662 506965016 186373426 11413732 477118412 165071862 622994452 853344316 341679528 863323702 263736556 890667830 852978100 953901126 636513926 286258840 782664628 840831936 871380454 123048576 962507202 287357488 403814176 419378356 863323702 803172724 437658638 864941156 12390308 518073568 949262390 933576138 279453326 448248384 513587422 529609372 563514870 561226020 734293598 823253568 911023336 546211164 558052148 431921254 597176224 695383148 255252552 603493450 201113620 802989616 347874682 557716450 206698414 488288000 265842298 642037684 159853284 848430918 13122740 458288806 913769956 847698486 624886568 616249974 993269346 349553172 697061638 270175854 609688604 197115762 768992564 95307714 357182672 248996362 841472814 859478434 122041482 776499992 810130828 247104246 236209320 128145082 96742060 91309856 405980954 68207730 258395906 670327870 447607506 695413666 857067512 224673516 360539652 347661056 369603498 351445288 770121730 399633210 420538040 431646592 270206372 359105306 117921552 746867014 697977178 168245734 774333214 442053230 871197346 116487206 793590072 989759776 819835552 270633624 4882880 313023126 42969344 829174060 225497502 222293112 822490618 306339684 333042934 323490800 124513440 952771960 628975980 52551996 119996776 318455330 774180624 993696598 855877310 364842690 78248152 136568050 107514914 31738720 423345696 229739504 944471064 665750170 604286918 885449252
114 117
365575122 593178366 256564826 604408990 917371080 297245320 536720066 174623996 210818344 695383148 633614716 629098052 754740658 914136172 709238320 357213190 254275976 717325590 333714330 563179172 853283280 904370412 916089324 98481586 261417188 53833752 97962780 405950436 547157222 269351868 141389894 481268860 878247004 83344658 841961102 258395906 990522726 175631090 998762586 324894628 666452084 62317756 972089854 373937054 5004952 411962482 360264990 298405004 763438288 144777392 327000370 334263654 552680980 971326904 610268446 158754636 167665892 526893270 744059358 350071978 833416062 757945048 524360276 114350946 648629572 716471086 250552780 686899144 7629500 419286802 773295602 313084162 282169428 927472538 880413782 215884332 544074904 303196330 51880600 455725294 610512590 599587146 115327522 89448258 192324436 539893938 832897256 534126036 427496144 42725200 951307096 542274342 580452360 248874290 745890438 694681234 188662276 206606860 590035012 816966860 437780710 871166828 581276346 226352006 46509432 575233782 755320500 214724648 442511000 626137806 919110606 674173138 510566140 186403944 634438702 271396574 694284500
71 15
77363130 732554072 776347402 444586224 58045236 811961908 921185830 519111180 332798790 416570700 49133980 624276208 606758876 656167518 655587676
27 97
354252944 71290048 649758738 461554232 677102866 700357582 253177328 329930098 584938506 791301222 476385980 353947764 886975152 397588504 215975886 172487736 180758114 684091488 605019350 3997858 457861554 235019118 713388768 670602532 656838914 520667598 773509228 45868554 944318474 178042012 962598756 832927774 6439298 262576872 273014028 78644886 130891702 126680218 501593848 330509940 361241566 81422024 889477628 842296800 504981346 497779098 443334986 734812404 276248936 503455446 469946682 518134604 354375016 931867130 354405534 881146214 640115050 679056018 114076284 154970404 489935972 125276390 759074214 356816456 210330056 777262942 990522726 219607528 593208884 787211810 268161666 114595090 773295602 505347562 778209000 272708848 189211600 721628628 332920862 210848862 929425690 753306312 732950806 769633442 243899856 34393786 624001546 668801970 503424928 363408344 378697862 986158652 387029276 465368982 35278808 466925400 579475784
12 138
69245342 759623538 845257046 312840018 652230696 161165558 292759174 703439900 212893568 486762100 677774262 308811642 578377136 456915496 733652720 743937286 958936596 775157200 846630356 860332938 269138242 789988948 194124998 956281530 622597718 635873048 447546470 293430570 906628744 133607804 195772970 451483292 843609074 231906282 745402150 551918030 444525188 271243984 454626646 882153308 261722368 850994430 256107056 951307096 346409818 581673080 525794622 508948686 317692380 503028194 953687500 557777486 449041852 449224960 572761824 891980104 178804962 142915794 602333766 191927702 950605182 298771220 262180138 207125666 790019466 518165122 213503928 57862128 524024578 256076538 783244470 187655182 49317088 641518878 627785778 997023060 555275010 432836794 992262252 690378196 108857706 888714678 222048968 366978950 506568282 836864596 682199372 887188778 800609212 720926714 741495846 545539768 404760234 907239104 977186360 81483060 187014304 32623742 256595344 59510100 454443538 674508836 852062560 149507682 237002788 124238778 245181612 338719282 776499992 545753394 776896726 606819912 626656612 299625724 799449528 94788908 271091394 714853632 486578992 299595206 664895666 88868416 958051574 325138772 606209552 197543014 875225722 721231894 344456666 95948592 163027156 941815998 330723566 491614462 15808324 953504392 517493726 471258956
190 42
112825046 862133500 304722230 233096484 196505402 9491098 114839234 704385958 103211876 251437802 731211280 143129420 979994016 872051850 626290396 657968080 423437250 814464384 271915380 429357742 603371378 934857894 502417834 246066634 779124540 78766958 410497618 441625978 614602002 760966330 432989384 262729462 198336482 729837970 782054268 200381188 175081766 198214410 878399594 315128868 894757242 21057420
93 98
985395702 601906514 401677916 827465052 256046020 809001662 264255362 165102380 336094734 682443516 125520534 669748028 957105516 213534446 953351802 112214686 283481702 977949310 314426954 411931964 198275446 903058138 196413848 795970476 950361038 951978492 81605132 202670038 68818090 4425110 429022044 460486102 951856420 716196424 221011356 273288690 34973628 638467078 730356776 543922314 946180072 377995948 164492020 66620794 553352376 79774052 342839212 119813668 310490132 13061704 63691066 990919460 809215288 542121752 316624250 963483778 941480300 263217750 997145132 798900204 579750446 588539630 279178664 243381050 181337956 558937170 302311308 591469358 222354148 166353618 329685954 837597028 868481244 967084902 32593224 446691966 787852688 267551306 58716632 275211324 513251724 663461320 539375132 673806922 258914712 213748072 692758600 302769078 598915750 30609554 178988070 691934614 913159596 566566670 363560934 75532050 7110694 380345834
148 191
811626210 662454226 502906122 974043006 568977592 301487322 424474862 976270820 411870928 773204048 362004516 45441302 740702378 632516068 881420876 290867058 306400720 890850938 656045446 69947256 404332982 59082848 462347700 626137806 85877652 137971878 333744848 252139716 793712144 336949238 529151602 9735242 327397104 802775990 471899834 537513534 545051480 139314670 315922336 977796720 707803974 999311910 294864916 553810146 872875836 529822998 510901838 828716290 241946704 952527816 319065690 177340098 870709058 59845798 963666886 502173690 646005024 908490342 622658754 724619392 936872082 491431354 516974920 83008960 825633972 669625956 239901998 768504276 325260844 144868946 964033102 930066568 489447684 754740658 680826062 579811482 821239380 871258382 130281342 430151210 887127742 184176130 575661034 193575674 542213306 650277544 80598038 376927818 672860864 890087988 444372598 100617846 863567846 812846930 451300184 974897510 893444968 751536268 591316768 563728496 469397358 888653642 907117032 468085084 101685976 254550638 124635512 559272868 528358134 78950066 723154528 394231524 594704266 777476568 100800954 343541126 994276440 354130872 492194304 463537902 777079834 500952970 794261468 644051872 32074418 176394040 956464638 62531382 649270450 943219826 91798144 476141836 568550340 847515378 964735016 383122972 420843220 120088330 12237718 584236592 968122514 481268860 554451024 176333004 248691182 330326832 350865446 508277290 833568652 601265636 158602046 131379990 100495774 565590094 448919780 275119770 931897648 363621970 937940212 879437206 742777602 545753394 88288574 715036740 245029022 404485572 237765738 622658754 854320892 378972524 510932356 402990190 145662414 312809500 170290440 387975334 264407952 846874500 563331762 225131286 698099250 727915336 321293504 906079420 316196998 314671098 966230398 570198312 83771910 62226202 582497066
178 87
266391622 708963658 145815004 152376374 848919206 108308382 290470324 340825024 465002766 569130182 420080270 97382938 714456898 398076792 797008088 588387040 737497988 757060026 687784166 256961560 976484446 502967158 469519430 628548728 385167678 685281690 761973424 39703918 866222912 358128730 616005830 197634568 218661470 863262666 290256698 975416316 376286940 239627336 646615384 350377158 218264736 916638648 696268170 890881456 733347540 346409818 327488658 698373912 818889494 732065784 746012510 210696272 495673356 507575376 659860196 773112494 820293322 726480990 739359586 382970382 275852202 14160352 383824886 514563998 922376032 241794114 326328974 430212246 88502200 576332430 107240252 884198014 885144072 64392980 948621512 625039158 322819404 405248522 59723726 603401896 313877630 69611558 905957348 290928094 340367254 420354932 471472582
150 91
991377230 47486008 728067926 697580444 581093238 577186934 80292858 303501510 316532696 88227538 264102772 993544008 344243040 244967986 474707490 118135178 304661194 550422648 429968102 342534032 245700418 230349864 843792182 851726862 132326048 329960616 260593202 471808280 607704934 54993436 157594952 988569574 162844048 887860174 720713088 444220008 370671628 510749248 200716886 694376054 340641916 66498722 255618768 5737384 50446254 788524084 185671512 976209784 710916810 531226826 467077990 558326810 820171250 232119908 491065138 467718868 63965728 836650970 913922546 757426242 717356108 717295072 524940118 839367072 705057354 118043624 37933874 734690332 975965640 655496122 713022552 833446580 348576596 407812034 214602576 945661266 483313566 622872380 612038490 924329184 137849806 576820718 928998438 642312346 362309696 614144232 147981782 603585004 789592214 900860842 76325518
13 139
921552046 979383656 290165144 863293184 252017644 387975334 694284500 271152430 638619668 985578810 865551516 155946980 915173784 982130276 540077046 712351156 789317552 880047566 833904350 221530162 29205726 39551328 172853952 386968240 81727204 948621512 107179216 15472626 653665042 604500544 792064172 700662762 287082826 912793380 415411016 664224270 459936778 510352514 354466570 411809892 243564158 918072994 341710046 359746184 47791188 430456390 422094458 88441164 485358272 647164708 982496492 379186150 886761526 53894788 634621810 690317160 496466824 558204738 232699750 229190180 882489006 386388398 807201100 275974274 589577242 248263930 695810400 915662072 568214642 175783680 652993646 834697818 410039848 941419264 219149758 338108922 921185830 463171686 130983256 243625194 64759196 102082710 53955824 809245806 803935674 258456942 418432298 349736280 876141262 173311722 640481266 699533596 30853698 341160722 508704542 176882328 760874776 440161114 18341318 206759450 59479582 186312390 433874406 257846582 233950988 17730958 861462104 250430708 307011080 15106410 112306240 91279338 37537140 964796052 138338094 491461872 91554000 970777580 821422488 723917478 394872402 521735728 397252806 476538570 198672180 419286802 295292168 457403784 889172448 474005576 676217844 907879982 72724394 375157774 447332844 680490364 967542672 640481266 38361126
28 58
52338370 717905432 825969670 69916738 486517956 732035266 186831196 716654194 539771866 46967202 452673494 382939864 862469198 975843568 391545940 142000254 602425320 471899834 452704012 218783542 866741718 368871066 170565102 403051226 606850430 349858352 383153490 19226340 834270566 925946638 421056846 984297054 572151464 205782874 923474680 984480162 449743766 737620060 437597602 302555452 345585832 204684226 457220676 326939334 985792436 255435660 57038142 273258172 903546426 249637240 779216094 150392704 666391048 202059678 927777718 501899028 777140870 704233368
198 11
155031440 106416266 904431448 100434738 603127234 740275126 140932124 759898200 168154180 463904118 567268584
20 134
310429096 939893364 869701964 213259784 521430548 866863790 660989362 366826360 746012510 334690906 240878574 452307278 687723130 893567040 476935304 812999520 979414174 156954074 492011196 689950944 568336714 771983328 378484236 205050442 391912156 516669740 531226826 486762100 625985216 680520882 131105328 344395630 286350394 384374210 810252900 397680058 465460536 996077002 30060230 67688924 984663270 298069306 203371952 335118158 744059358 563301244 92042288 672708274 550636274 195315200 511237536 57373840 706491700 89387222 871410972 469031142 137544626 370244376 589699314 781749088 345189098 663400284 901593274 453863696 960798194 555549672 103974826 923047428 185457886 400914966 761607208 112825046 895550710 129548910 907269622 956678264 695535738 213595482 767466664 345738422 699442042 448309420 44830942 406988048 321842828 703592490 288395100 517341136 860210866 302494416 382878828 960615086 149141466 183077482 688486080 633156946 68360320 499518624 862408162 704660620 185549440 819011566 892956680 640237122 314823688 570595046 378148538 490027526 272891956 902325706 579536820 852886546 613533872 602669464 282535644 419714054 621773732 242740172 994978354 503577518 349217474 195498308 514472444 462073038 971662602 688119864 396398302 418645924 249972938 543739206 353367922 189059010 376134350 769114636
58 173
984937932 643899282 797954146 639565726 613076102 468573372 260959418 246127670 386907204 626412468 570289866 307712994 219699082 116273580 12848078 612557296 300114012 212588388 744517128 256076538 152803626 408208768 586067672 377934912 52704586 296818068 946058 354008800 73884078 551246634 785716428 849682156 554542578 653420898 504828756 640847482 259311446 532752726 200655850 608712028 19836700 768809456 410283992 814372830 135469402 514869178 20019808 60303568 314701616 798350880 989271488 843883736 438940394 354313980 474585418 109925836 929944496 648660090 385442340 708536406 1678490 246768548 903088656 963880512 578621280 184389756 993086238 260745792 161012968 496405788 443762238 55115508 418767996 560371516 460943872 214358432 795085454 410436582 350712856 94178548 901043950 678598248 321232468 257907618 982679600 318729992 935193592 244723842 241275308 770396392 243472604 292942282 288669762 718210612 132173458 424535898 518317712 103211876 913434258 797374304 673959512 542426932 691751506 731150244 396520374 812877448 537025246 313572450 30792662 556190550 995375088 992720022 473456252 860455010 969190644 61921022 342808694 874920542 497443400 443731720 252628004 114411982 467810422 678781356 470251862 609352906 791606402 525886176 741068594 557624896 72724394 80018196 560096854 634957508 302219754 813792988 672006360 619332292 609413942 449194442 81177880 486487438 600746830 65735772 352482900 632180370 318089114 350865446 484473250 377599214 347111732 399572174 136079762 414373404 107545432 968793910 488104892 345250134 856213008 593361474 520576044 976606518 434088032 469336322 987592998 519294288 289127532 511268054 870525950 354008800 805339502 489630792 590981070
144 74
654305920 764933670 563423316 909253292 750986944 778971950 962781864 326298456 836101646 970045148 685159618 368016562 797038606 690103534 132203976 957074998 983625658 36743672 70282954 116914458 857128548 530952164 722116916 322636296 63111224 523536290 672433612 408239286 834514710 611214504 744791790 561836380 130739112 843883736 504950828 440161114 419714054 3875786 547676028 933240440 508429880 739054406 222933990 610787252 328770414 830425298 957776912 381566554 84626414 375798652 830211672 396856072 666482602 170900800 551216116 729166574 740061500 68787572 511359608 857799944 414770138 599190412 47882742 492255340 898633028 628609764 588905846 764597972 45807518 343052838 830791514 322483706 202975218 334080546
27 48
260562684 69428450 590736926 73304236 315556120 530097660 528999012 705789786 851818416 294346110 95765484 491339800 844127880 850323034 88837898 750010368 692544974 418401780 85725062 532783244 392736142 64667642 228549302 892559946 849254904 386602024 291843634 304844302 737375916 552162174 690164570 270725178 820201768 973798862 581154274 632149852 126863326 398381972 720682570 631814154 898663546 694559162 226107862 248141858 708566924 118318286 904095750 837017186
69 153
299045882 611428130 79133174 3906304 118531912 990278582 581215310 130830666 191866666 347355876 960462496 96711542 618203126 192293918 766673196 516395078 260349058 314182810 213626 785563838 240420804 919385268 823863928 570961262 593819244 294681808 697855106 29297280 737681096 27283092 845562226 35919686 909741580 312443284 455206488 204348528 234652902 380284798 524207686 978376562 573036486 573280630 752390772 577339524 810252900 104951402 390264184 76417072 740824450 31738720 448584082 402837600 204653708 469061660 175539536 529304192 631814154 582405512 207736026 646035542 651315156 385533894 301365250 592506970 920972204 876232816 49408642 330296314 833995904 541358802 491919642 737986276 258853676 762217568 24536472 509894744 968763392 151521870 512549810 439245574 916394504 353489994 16144022 867626740 11139070 337773224 33050994 581520490 554176362 718973562 665292400 937482442 988081286 132692264 615822722 496985630 117158602 199587720 421667206 952344708 454840272 108491490 829357168 624825532 854107266 349888870 719522886 316502178 77332612 631051204 486304330 796519800 462134074 504218396 278324160 703592490 338810836 738627154 6958104 145815004 356267132 968275104 528663314 778880396 372167010 645943988 907361176 644051872 63996246 835491286 162966120 547218258 916852274 872967390 412694914 260226986 744700236 428381166 811198958 325566024 400853930 998915176 195528826 746165100 834301084 365056316 841839030 340702952 147859710 41046710 239108530 46692540 814708528
10 68
951764866 709177284 458746576 825633972 334782460 108399936 993116756 895642264 498084278 320805216 782267894 649453558 671731698 97932262 745981992 304722230 771708666 485510862 866619646 55542760 292301404 270481034 473364698 344578738 115083378 679757932 770671054 402654492 514808142 487341942 142091808 462347700 143831334 185824102 260806828 551521296 276432044 378545272 537971304 273258172 94148030 48798282 940137508 478339132 293216944 862255572 707193614 236483982 795726332 158663082 2014188 12878596 845348600 789439624 22705392 455786330 269260314 457190158 609322388 701852964 187166894 713297214 875683492 605355048 949109800 270145336 898083704 797221714
90 16
991804482 980665412 531043718 764170720 606606286 369298318 964796052 767436146 372868924 674081584 444799850 528968494 329197666 545295624 221957414 191256306
80 46
951825902 284122580 395177582 872387548 106996108 612954030 340184146 299747796 867840366 711405098 372746852 806102452 772868350 14984338 532569618 733866346 910535048 411504712 197939748 323551836 932721634 324436858 459997814 716410050 672281022 986311242 928449114 661813348 645028448 57221250 500312092 336521986 217745930 245791972 122621324 181032776 723734370 87861322 80750628 160005874 306461756 540107564 843273376 352849116 773448192 543922314
189 29
240664948 216586246 286655574 873638786 849651638 825511900 341893154 493567614 337803742 201815534 36377456 902752958 743693142 749888296 96986204 600685794 28198632 708597442 942273768 425909208 893078752 820934200 298862774 831951198 577827812 68024622 624306726 743357444 916577612
40 189
398259900 435797040 686532928 601479262 83161550 774394250 344120968 48096368 166963978 207217220 127900938 45777000 339634822 553352376 413030612 471655690 462561326 250613816 320255892 161043486 936383794 876995766 276279454 852123596 992475878 900830324 888195872 186831196 814800082 940717350 288944424 300022458 897809042 316441142 609688604 27466200 547218258 172060484 735026030 264407952 929212064 952649888 998213262 505744296 575233782 515693164 971723638 99122464 747599446 658700512 9765760 242038258 573036486 343724234 699228416 254459084 349919388 400762376 874859506 158052722 935559808 990705834 355199002 93324044 619973170 609413942 55573278 605843336 391942674 913983582 634194558 332829308 4180966 152437410 327610730 121583712 743601588 478583276 132234494 110566714 312443284 932355418 987287818 804668106 727701710 367711382 116426170 676065254 643716174 109101850 183535252 321415576 5310132 617562248 419378356 707224132 437017760 947797526 375096738 534126036 274814590 277713800 458868648 251681946 647042636 291263792 912274574 754893248 509986298 696207134 382146396 293277980 45075086 657754454 744303502 624550870 323490800 429662922 335698000 943341898 644692750 963605850 251041068 616616190 454992862 778514180 859722578 257175186 252505932 870861648 200259116 166078956 384587836 947126130 407537372 675546448 144105996 759959236 829601312 423437250 70954350 828929916 990248064 90882604 864666494 327366586 53467536 633584198 814739046 416570700 946210590 538917362 154787296 808269230 795329598 139558814 246707512 837139258 835613358 514899696 1281756 824169108 444464152 11688394 441229244 12298754 459936778 915112748 813060556 855633166 438177444 301365250 154299008 943402934 6561370 603249306 721659146 339848448 968824428 919873556 187044822 621621142 318272222 601784442 7263284 393315984 815685104 142488542 873913448
56 77
908429306 649423040 159548104 302219754 737284362 695932472 969587378 377049890 937512960 2716102 781688052 377965430 718943044 19012714 512519292 262424282 586464406 597725548 122072 825481382 727854300 957258106 744272984 603493450 927045286 66651312 375249328 592659560 33844462 361211048 132692264 937970730 521918836 194186034 135042150 249423614 165285488 931165216 721537074 701120532 366002374 93263008 647714032 570045722 162752494 455389596 415472052 370396966 452856602 505835850 519416360 239963034 458105698 173464312 890240578 734781886 966138844 228701892 316837876 687967274 378331646 264560542 127931456 289554784 95887556 664193752 914960158 43121934 274509410 460699728 577034344 755656198 480109176 496039572 469580466 216860908 275638576
123 80
724222658 271060876 490180116 15106410 109956354 667550732 415044800 571510586 426214388 826702102 420385450 687051734 944684690 896893502 671121338 537421980 626900756 27038948 119203308 569862614 721659146 199953936 129457356 251132622 645333628 215640188 653695560 169435936 802013040 856640260 860577082 770640536 498969300 765971282 626168324 510901838 614418894 69306378 792552460 706278074 173159132 272708848 599983880 861126406 487036762 466711774 199252022 755961378 15655734 368413296 650338580 76539144 604592098 232882858 313664004 865215818 256198610 164644610 40100652 575630516 90424834 861126406 66163024 12420826 650979458 318577402 20508096 936719492 213534446 532752726 947858562 619027112 252231270 724283694 756968472 120576618 720529980 121217496 998640514 584541772
122 108
379888064 318058596 292759174 820781610 920819614 946790432 255435660 575416890 160372090 422765854 128236636 400609786 317082020 167116568 917767814 966352470 811137922 128755442 648782162 83558284 54016860 40436350 721292930 257877100 912121984 653146236 331974804 50141074 750193476 230441418 116395652 774821502 461401642 83710874 668252646 567451692 389592788 429754476 91584518 352482900 550910936 351750468 242831726 742960710 59845798 145113090 818096026 402837600 167238640 829448722 942853610 903576944 815440960 107484396 419439392 606117998 117402746 552803052 289371676 599434556 666085868 307194188 865978768 227084438 79682498 69092752 894391026 232852340 690011980 654183848 994367994 56610890 779307648 909680544 42816754 312229658 272220560 263095678 652078106 977888274 289249604 687478986 399694246 330937192 467657832 363377826 967084902 157900132 456122028 819805034 841991620 271274502 489691828 834606264 742197760 863964580 450842414 875988672 415746714 733286504 323277174 366429626 974714402 904889218 444464152 549903842 418157636 688730224
180 35
500983488 697610962 408880164 257724510 604531062 860058276 777568122 757609350 765757656 958478826 42755718 360661724 520331900 724100586 495703874 238650760 716928856 19653592 822185438 12451344 958173646 141237304 321842828 719065116 824932058 770579500 176485594 632058298 539954974 609078244 673196562 216769354 227359100 224368336 789042890
2 200
1434346 423833984 141542484 43213488 645852434 998365852 709207802 23041090 988111804 136171316 772654724 489997008 351628396 543372990 684640812 472235532 892773572 528754868 685464798 249454132 270908286 118470876 183230072 636788588 422033422 860607600 966047290 473639360 717020410 474982152 876782140 723947996 286045214 5249096 982282866 93995440 790080502 629037016 767741326 574013062 421148400 782542556 387822744 809764612 412084554 755991896 505652742 710855774 837535992 415777232 750986944 201052584 987104710 210085912 328648342 517951496 91920216 113771104 808727000 967329046 686349820 668954560 629677894 539039434 385198196 777781748 345402724 290500842 358525464 403081744 148012300 903882124 285007602 833690724 696848012 323399246 64759196 670388906 785685910 879070990 73548380 188845384 879101508 802898062 238894904 235751550 48859318 543891796 720133246 314304882 342442478 788310458 472632266 15533662 114137320 590981070 478827420 451635882 350316122 524543384 925641458 847179680 520209828 252170234 111177074 945142460 983167888 430547944 360692242 383550224 483954444 349217474 733835828 698831682 767253038 212435798 803996710 112702974 842144210 469733056 291202756 758372300 928784812 101838566 830059082 502295762 617592766 267734414 653115718 18219246 272647812 219241312 472113460 269107724 210726790 889630218 337407008 53681162 686441374 62134648 757182098 773600782 215945368 524879082 857738908 77729346 269229796 118379322 866131358 539436168 863049040 81818758 696085062 23346270 85511436 604500544 918988534 898053186 83558284 988478020 900525144 750315548 544288530 328923004 384954052 758067120 202212268 118257250 307712994 377294034 402685010 680307256 117707926 500006912 253360436 840831936 390813508 738962852 395024992 740702378 15442108 995680268 922376032 197817676 731882676 967939406 486792618 524055096 306065022 752787506 111909506 203646614 119661078 201815534 753367348 339207570 457342748 184359238 133607804 271305020
200 2
272312114 415258426
200 200
884045424 278446232 712076494 3418016 524238204 763163626 184817008 377049890 310947902 830638924 248263930 742441904 487158834 666574156 101899602 731943712 962873418 619515400 964216210 397832648 958814524 394933438 115571666 207919134 644234980 266910428 888745196 199587720 300114012 713327732 387700672 948133224 38971486 381291892 216311584 505774814 612740404 789164962 997877564 967847852 339451714 670663568 967176456 821910776 680673472 368230188 415838268 736582448 500342610 181154848 272586776 945752820 536567476 75287906 599343002 885144072 117555336 660165376 284885530 236667090 653085200 839977432 716654194 37628694 932202828 44678352 712686854 10193012 759379394 447424398 494239010 768382204 959333330 74463920 981031628 57587466 282505126 214144806 189547298 684183042 242038258 30548518 16571274 290348252 413763044 788920818 188448650 631142758 230227792 598305390 657693418 509681118 800181960 78309188 228122050 26764286 784648298 855785756 689706800 301182142 860851744 297733608 244510216 317051502 805583646 387059794 504889792 54261004 728403624 146974688 845104456 558448882 487006244 520484490 387822744 106629892 815288370 111207592 406560796 124879656 195376236 691904096 425451438 13977244 5371168 886608936 797374304 539863420 973493682 933026814 42145358 944379510 470190826 931195734 725473896 433416636 669473366 484656358 160097428 197848194 110414124 140596426 710916810 624245690 690622340 534950022 984266536 850963912 622231502 648904234 683633718 326573118 382390540 82825852 412542324 526191356 188784348 754313406 205904946 482398026 32196490 926068710 71076422 286686092 796580836 970075666 320164338 218295254 498481012 774699430 974287150 655648712 176851810 200106526 21606744 427679252 464392406 489264576 810008756 760813740 371953384 39887026 355809362 477667736 316868394 444158972 849743192 604164846 926862178 202212268 141450930 41107746 650491170 15777806 483740818 456335654 705545642 67963586 317906006 53772716
0 0
