4
1 0 0
0 1 0
1 1 -1
1 -1 2
3
0 1 1
1 1 2
1 -1 -2
9
-1 -5 -26
-5 -1 -52
5 -3 -34
-7 5 -74
-4 3 -25
-7 -3 -58
-28 -48 -193
-1 -1 -5
-28 2 -197
33
3 -4 5
-5 -2 -3
5 0 1
-3 3 2
3 -1 -3
-5 1 -1
-1 -5 -4
3 -5 4
-4 -2 -4
4 -3 -5
-5 2 -4
4 4 -3
1 -5 2
5 -3 4
2 3 5
5 1 -4
-1 -2 0
3 5 1
-2 4 3
2 5 2
-2 3 -4
0 2 5
4 -5 1
-3 2 -2
-3 -1 3
-4 -5 3
4 3 3
-5 4 0
-1 -3 -4
4 -1 5
-1 -4 5
5 4 -2
-2 5 5
20
5 2 -2
4 0 -1
5 3 4
4 4 -2
-1 -4 4
0 3 -2
1 -2 -3
-5 -1 -2
5 -4 3
-4 1 0
-2 -4 1
2 -3 5
-3 1 1
-4 -5 -1
-3 4 5
-3 -5 -1
-3 3 1
3 -2 -2
-1 -5 -2
-4 -1 -2
2000
0 1 1
1 0 1
1 2 5
1 3 10
1 4 17
1 5 26
1 6 37
1 7 50
1 8 65
1 9 82
1 10 101
1 11 122
1 12 145
1 13 170
1 14 197
1 15 226
1 16 257
1 17 290
1 18 325
1 19 362
1 20 401
1 21 442
1 22 485
1 23 530
1 24 577
1 25 626
1 26 677
1 27 730
1 28 785
1 29 842
1 30 901
1 31 962
1 32 1025
1 33 1090
1 34 1157
1 35 1226
1 36 1297
1 37 1370
1 38 1445
1 39 1522
1 40 1601
1 41 1682
1 42 1765
1 43 1850
1 44 1937
1 45 2026
1 46 2117
1 47 2210
1 48 2305
1 49 2402
1 50 2501
1 51 2602
1 52 2705
1 53 2810
1 54 2917
1 55 3026
1 56 3137
1 57 3250
1 58 3365
1 59 3482
1 60 3601
1 61 3722
1 62 3845
1 63 3970
1 64 4097
1 65 4226
1 66 4357
1 67 4490
1 68 4625
1 69 4762
1 70 4901
1 71 5042
1 72 5185
1 73 5330
1 74 5477
1 75 5626
1 76 5777
1 77 5930
1 78 6085
1 79 6242
1 80 6401
1 81 6562
1 82 6725
1 83 6890
1 84 7057
1 85 7226
1 86 7397
1 87 7570
1 88 7745
1 89 7922
1 90 8101
1 91 8282
1 92 8465
1 93 8650
1 94 8837
1 95 9026
1 96 9217
1 97 9410
1 98 9605
1 99 9802
1 100 10001
1 101 10202
1 102 10405
1 103 10610
1 104 10817
1 105 11026
1 106 11237
1 107 11450
1 108 11665
1 109 11882
1 110 12101
1 111 12322
1 112 12545
1 113 12770
1 114 12997
1 115 13226
1 116 13457
1 117 13690
1 118 13925
1 119 14162
1 120 14401
1 121 14642
1 122 14885
1 123 15130
1 124 15377
1 125 15626
1 126 15877
1 127 16130
1 128 16385
1 129 16642
1 130 16901
1 131 17162
1 132 17425
1 133 17690
1 134 17957
1 135 18226
1 136 18497
1 137 18770
1 138 19045
1 139 19322
1 140 19601
1 141 19882
1 142 20165
1 143 20450
1 144 20737
1 145 21026
1 146 21317
1 147 21610
1 148 21905
1 149 22202
1 150 22501
1 151 22802
1 152 23105
1 153 23410
1 154 23717
1 155 24026
1 156 24337
1 157 24650
1 158 24965
1 159 25282
1 160 25601
1 161 25922
1 162 26245
1 163 26570
1 164 26897
1 165 27226
1 166 27557
1 167 27890
1 168 28225
1 169 28562
1 170 28901
1 171 29242
1 172 29585
1 173 29930
1 174 30277
1 175 30626
1 176 30977
1 177 31330
1 178 31685
1 179 32042
1 180 32401
1 181 32762
1 182 33125
1 183 33490
1 184 33857
1 185 34226
1 186 34597
1 187 34970
1 188 35345
1 189 35722
1 190 36101
1 191 36482
1 192 36865
1 193 37250
1 194 37637
1 195 38026
1 196 38417
1 197 38810
1 198 39205
1 199 39602
1 200 40001
1 201 40402
1 202 40805
1 203 41210
1 204 41617
1 205 42026
1 206 42437
1 207 42850
1 208 43265
1 209 43682
1 210 44101
1 211 44522
1 212 44945
1 213 45370
1 214 45797
1 215 46226
1 216 46657
1 217 47090
1 218 47525
1 219 47962
1 220 48401
1 221 48842
1 222 49285
1 223 49730
1 224 50177
1 225 50626
1 226 51077
1 227 51530
1 228 51985
1 229 52442
1 230 52901
1 231 53362
1 232 53825
1 233 54290
1 234 54757
1 235 55226
1 236 55697
1 237 56170
1 238 56645
1 239 57122
1 240 57601
1 241 58082
1 242 58565
1 243 59050
1 244 59537
1 245 60026
1 246 60517
1 247 61010
1 248 61505
1 249 62002
1 250 62501
1 251 63002
1 252 63505
1 253 64010
1 254 64517
1 255 65026
1 256 65537
1 257 66050
1 258 66565
1 259 67082
1 260 67601
1 261 68122
1 262 68645
1 263 69170
1 264 69697
1 265 70226
1 266 70757
1 267 71290
1 268 71825
1 269 72362
1 270 72901
1 271 73442
1 272 73985
1 273 74530
1 274 75077
1 275 75626
1 276 76177
1 277 76730
1 278 77285
1 279 77842
1 280 78401
1 281 78962
1 282 79525
1 283 80090
1 284 80657
1 285 81226
1 286 81797
1 287 82370
1 288 82945
1 289 83522
1 290 84101
1 291 84682
1 292 85265
1 293 85850
1 294 86437
1 295 87026
1 296 87617
1 297 88210
1 298 88805
1 299 89402
1 300 90001
1 301 90602
1 302 91205
1 303 91810
1 304 92417
1 305 93026
1 306 93637
1 307 94250
1 308 94865
1 309 95482
1 310 96101
1 311 96722
1 312 97345
1 313 97970
1 314 98597
1 315 99226
1 316 99857
1 317 100490
1 318 101125
1 319 101762
1 320 102401
1 321 103042
1 322 103685
1 323 104330
1 324 104977
1 325 105626
1 326 106277
1 327 106930
1 328 107585
1 329 108242
1 330 108901
1 331 109562
1 332 110225
1 333 110890
1 334 111557
1 335 112226
1 336 112897
1 337 113570
1 338 114245
1 339 114922
1 340 115601
1 341 116282
1 342 116965
1 343 117650
1 344 118337
1 345 119026
1 346 119717
1 347 120410
1 348 121105
1 349 121802
1 350 122501
1 351 123202
1 352 123905
1 353 124610
1 354 125317
1 355 126026
1 356 126737
1 357 127450
1 358 128165
1 359 128882
1 360 129601
1 361 130322
1 362 131045
1 363 131770
1 364 132497
1 365 133226
1 366 133957
1 367 134690
1 368 135425
1 369 136162
1 370 136901
1 371 137642
1 372 138385
1 373 139130
1 374 139877
1 375 140626
1 376 141377
1 377 142130
1 378 142885
1 379 143642
1 380 144401
1 381 145162
1 382 145925
1 383 146690
1 384 147457
1 385 148226
1 386 148997
1 387 149770
1 388 150545
1 389 151322
1 390 152101
1 391 152882
1 392 153665
1 393 154450
1 394 155237
1 395 156026
1 396 156817
1 397 157610
1 398 158405
1 399 159202
1 400 160001
1 401 160802
1 402 161605
1 403 162410
1 404 163217
1 405 164026
1 406 164837
1 407 165650
1 408 166465
1 409 167282
1 410 168101
1 411 168922
1 412 169745
1 413 170570
1 414 171397
1 415 172226
1 416 173057
1 417 173890
1 418 174725
1 419 175562
1 420 176401
1 421 177242
1 422 178085
1 423 178930
1 424 179777
1 425 180626
1 426 181477
1 427 182330
1 428 183185
1 429 184042
1 430 184901
1 431 185762
1 432 186625
1 433 187490
1 434 188357
1 435 189226
1 436 190097
1 437 190970
1 438 191845
1 439 192722
1 440 193601
1 441 194482
1 442 195365
1 443 196250
1 444 197137
1 445 198026
1 446 198917
1 447 199810
1 448 200705
1 449 201602
1 450 202501
1 451 203402
1 452 204305
1 453 205210
1 454 206117
1 455 207026
1 456 207937
1 457 208850
1 458 209765
1 459 210682
1 460 211601
1 461 212522
1 462 213445
1 463 214370
1 464 215297
1 465 216226
1 466 217157
1 467 218090
1 468 219025
1 469 219962
1 470 220901
1 471 221842
1 472 222785
1 473 223730
1 474 224677
1 475 225626
1 476 226577
1 477 227530
1 478 228485
1 479 229442
1 480 230401
1 481 231362
1 482 232325
1 483 233290
1 484 234257
1 485 235226
1 486 236197
1 487 237170
1 488 238145
1 489 239122
1 490 240101
1 491 241082
1 492 242065
1 493 243050
1 494 244037
1 495 245026
1 496 246017
1 497 247010
1 498 248005
1 499 249002
1 500 250001
1 501 251002
1 502 252005
1 503 253010
1 504 254017
1 505 255026
1 506 256037
1 507 257050
1 508 258065
1 509 259082
1 510 260101
1 511 261122
1 512 262145
1 513 263170
1 514 264197
1 515 265226
1 516 266257
1 517 267290
1 518 268325
1 519 269362
1 520 270401
1 521 271442
1 522 272485
1 523 273530
1 524 274577
1 525 275626
1 526 276677
1 527 277730
1 528 278785
1 529 279842
1 530 280901
1 531 281962
1 532 283025
1 533 284090
1 534 285157
1 535 286226
1 536 287297
1 537 288370
1 538 289445
1 539 290522
1 540 291601
1 541 292682
1 542 293765
1 543 294850
1 544 295937
1 545 297026
1 546 298117
1 547 299210
1 548 300305
1 549 301402
1 550 302501
1 551 303602
1 552 304705
1 553 305810
1 554 306917
1 555 308026
1 556 309137
1 557 310250
1 558 311365
1 559 312482
1 560 313601
1 561 314722
1 562 315845
1 563 316970
1 564 318097
1 565 319226
1 566 320357
1 567 321490
1 568 322625
1 569 323762
1 570 324901
1 571 326042
1 572 327185
1 573 328330
1 574 329477
1 575 330626
1 576 331777
1 577 332930
1 578 334085
1 579 335242
1 580 336401
1 581 337562
1 582 338725
1 583 339890
1 584 341057
1 585 342226
1 586 343397
1 587 344570
1 588 345745
1 589 346922
1 590 348101
1 591 349282
1 592 350465
1 593 351650
1 594 352837
1 595 354026
1 596 355217
1 597 356410
1 598 357605
1 599 358802
1 600 360001
1 601 361202
1 602 362405
1 603 363610
1 604 364817
1 605 366026
1 606 367237
1 607 368450
1 608 369665
1 609 370882
1 610 372101
1 611 373322
1 612 374545
1 613 375770
1 614 376997
1 615 378226
1 616 379457
1 617 380690
1 618 381925
1 619 383162
1 620 384401
1 621 385642
1 622 386885
1 623 388130
1 624 389377
1 625 390626
1 626 391877
1 627 393130
1 628 394385
1 629 395642
1 630 396901
1 631 398162
1 632 399425
1 633 400690
1 634 401957
1 635 403226
1 636 404497
1 637 405770
1 638 407045
1 639 408322
1 640 409601
1 641 410882
1 642 412165
1 643 413450
1 644 414737
1 645 416026
1 646 417317
1 647 418610
1 648 419905
1 649 421202
1 650 422501
1 651 423802
1 652 425105
1 653 426410
1 654 427717
1 655 429026
1 656 430337
1 657 431650
1 658 432965
1 659 434282
1 660 435601
1 661 436922
1 662 438245
1 663 439570
1 664 440897
1 665 442226
1 666 443557
1 667 444890
1 668 446225
1 669 447562
1 670 448901
1 671 450242
1 672 451585
1 673 452930
1 674 454277
1 675 455626
1 676 456977
1 677 458330
1 678 459685
1 679 461042
1 680 462401
1 681 463762
1 682 465125
1 683 466490
1 684 467857
1 685 469226
1 686 470597
1 687 471970
1 688 473345
1 689 474722
1 690 476101
1 691 477482
1 692 478865
1 693 480250
1 694 481637
1 695 483026
1 696 484417
1 697 485810
1 698 487205
1 699 488602
1 700 490001
1 701 491402
1 702 492805
1 703 494210
1 704 495617
1 705 497026
1 706 498437
1 707 499850
1 708 501265
1 709 502682
1 710 504101
1 711 505522
1 712 506945
1 713 508370
1 714 509797
1 715 511226
1 716 512657
1 717 514090
1 718 515525
1 719 516962
1 720 518401
1 721 519842
1 722 521285
1 723 522730
1 724 524177
1 725 525626
1 726 527077
1 727 528530
1 728 529985
1 729 531442
1 730 532901
1 731 534362
1 732 535825
1 733 537290
1 734 538757
1 735 540226
1 736 541697
1 737 543170
1 738 544645
1 739 546122
1 740 547601
1 741 549082
1 742 550565
1 743 552050
1 744 553537
1 745 555026
1 746 556517
1 747 558010
1 748 559505
1 749 561002
1 750 562501
1 751 564002
1 752 565505
1 753 567010
1 754 568517
1 755 570026
1 756 571537
1 757 573050
1 758 574565
1 759 576082
1 760 577601
1 761 579122
1 762 580645
1 763 582170
1 764 583697
1 765 585226
1 766 586757
1 767 588290
1 768 589825
1 769 591362
1 770 592901
1 771 594442
1 772 595985
1 773 597530
1 774 599077
1 775 600626
1 776 602177
1 777 603730
1 778 605285
1 779 606842
1 780 608401
1 781 609962
1 782 611525
1 783 613090
1 784 614657
1 785 616226
1 786 617797
1 787 619370
1 788 620945
1 789 622522
1 790 624101
1 791 625682
1 792 627265
1 793 628850
1 794 630437
1 795 632026
1 796 633617
1 797 635210
1 798 636805
1 799 638402
1 800 640001
1 801 641602
1 802 643205
1 803 644810
1 804 646417
1 805 648026
1 806 649637
1 807 651250
1 808 652865
1 809 654482
1 810 656101
1 811 657722
1 812 659345
1 813 660970
1 814 662597
1 815 664226
1 816 665857
1 817 667490
1 818 669125
1 819 670762
1 820 672401
1 821 674042
1 822 675685
1 823 677330
1 824 678977
1 825 680626
1 826 682277
1 827 683930
1 828 685585
1 829 687242
1 830 688901
1 831 690562
1 832 692225
1 833 693890
1 834 695557
1 835 697226
1 836 698897
1 837 700570
1 838 702245
1 839 703922
1 840 705601
1 841 707282
1 842 708965
1 843 710650
1 844 712337
1 845 714026
1 846 715717
1 847 717410
1 848 719105
1 849 720802
1 850 722501
1 851 724202
1 852 725905
1 853 727610
1 854 729317
1 855 731026
1 856 732737
1 857 734450
1 858 736165
1 859 737882
1 860 739601
1 861 741322
1 862 743045
1 863 744770
1 864 746497
1 865 748226
1 866 749957
1 867 751690
1 868 753425
1 869 755162
1 870 756901
1 871 758642
1 872 760385
1 873 762130
1 874 763877
1 875 765626
1 876 767377
1 877 769130
1 878 770885
1 879 772642
1 880 774401
1 881 776162
1 882 777925
1 883 779690
1 884 781457
1 885 783226
1 886 784997
1 887 786770
1 888 788545
1 889 790322
1 890 792101
1 891 793882
1 892 795665
1 893 797450
1 894 799237
1 895 801026
1 896 802817
1 897 804610
1 898 806405
1 899 808202
1 900 810001
1 901 811802
1 902 813605
1 903 815410
1 904 817217
1 905 819026
1 906 820837
1 907 822650
1 908 824465
1 909 826282
1 910 828101
1 911 829922
1 912 831745
1 913 833570
1 914 835397
1 915 837226
1 916 839057
1 917 840890
1 918 842725
1 919 844562
1 920 846401
1 921 848242
1 922 850085
1 923 851930
1 924 853777
1 925 855626
1 926 857477
1 927 859330
1 928 861185
1 929 863042
1 930 864901
1 931 866762
1 932 868625
1 933 870490
1 934 872357
1 935 874226
1 936 876097
1 937 877970
1 938 879845
1 939 881722
1 940 883601
1 941 885482
1 942 887365
1 943 889250
1 944 891137
1 945 893026
1 946 894917
1 947 896810
1 948 898705
1 949 900602
1 950 902501
1 951 904402
1 952 906305
1 953 908210
1 954 910117
1 955 912026
1 956 913937
1 957 915850
1 958 917765
1 959 919682
1 960 921601
1 961 923522
1 962 925445
1 963 927370
1 964 929297
1 965 931226
1 966 933157
1 967 935090
1 968 937025
1 969 938962
1 970 940901
1 971 942842
1 972 944785
1 973 946730
1 974 948677
1 975 950626
1 976 952577
1 977 954530
1 978 956485
1 979 958442
1 980 960401
1 981 962362
1 982 964325
1 983 966290
1 984 968257
1 985 970226
1 986 972197
1 987 974170
1 988 976145
1 989 978122
1 990 980101
1 991 982082
1 992 984065
1 993 986050
1 994 988037
1 995 990026
1 996 992017
1 997 994010
1 998 996005
1 999 998002
1 1000 1000001
1 1001 1002002
1 1002 1004005
1 1003 1006010
1 1004 1008017
1 1005 1010026
1 1006 1012037
1 1007 1014050
1 1008 1016065
1 1009 1018082
1 1010 1020101
1 1011 1022122
1 1012 1024145
1 1013 1026170
1 1014 1028197
1 1015 1030226
1 1016 1032257
1 1017 1034290
1 1018 1036325
1 1019 1038362
1 1020 1040401
1 1021 1042442
1 1022 1044485
1 1023 1046530
1 1024 1048577
1 1025 1050626
1 1026 1052677
1 1027 1054730
1 1028 1056785
1 1029 1058842
1 1030 1060901
1 1031 1062962
1 1032 1065025
1 1033 1067090
1 1034 1069157
1 1035 1071226
1 1036 1073297
1 1037 1075370
1 1038 1077445
1 1039 1079522
1 1040 1081601
1 1041 1083682
1 1042 1085765
1 1043 1087850
1 1044 1089937
1 1045 1092026
1 1046 1094117
1 1047 1096210
1 1048 1098305
1 1049 1100402
1 1050 1102501
1 1051 1104602
1 1052 1106705
1 1053 1108810
1 1054 1110917
1 1055 1113026
1 1056 1115137
1 1057 1117250
1 1058 1119365
1 1059 1121482
1 1060 1123601
1 1061 1125722
1 1062 1127845
1 1063 1129970
1 1064 1132097
1 1065 1134226
1 1066 1136357
1 1067 1138490
1 1068 1140625
1 1069 1142762
1 1070 1144901
1 1071 1147042
1 1072 1149185
1 1073 1151330
1 1074 1153477
1 1075 1155626
1 1076 1157777
1 1077 1159930
1 1078 1162085
1 1079 1164242
1 1080 1166401
1 1081 1168562
1 1082 1170725
1 1083 1172890
1 1084 1175057
1 1085 1177226
1 1086 1179397
1 1087 1181570
1 1088 1183745
1 1089 1185922
1 1090 1188101
1 1091 1190282
1 1092 1192465
1 1093 1194650
1 1094 1196837
1 1095 1199026
1 1096 1201217
1 1097 1203410
1 1098 1205605
1 1099 1207802
1 1100 1210001
1 1101 1212202
1 1102 1214405
1 1103 1216610
1 1104 1218817
1 1105 1221026
1 1106 1223237
1 1107 1225450
1 1108 1227665
1 1109 1229882
1 1110 1232101
1 1111 1234322
1 1112 1236545
1 1113 1238770
1 1114 1240997
1 1115 1243226
1 1116 1245457
1 1117 1247690
1 1118 1249925
1 1119 1252162
1 1120 1254401
1 1121 1256642
1 1122 1258885
1 1123 1261130
1 1124 1263377
1 1125 1265626
1 1126 1267877
1 1127 1270130
1 1128 1272385
1 1129 1274642
1 1130 1276901
1 1131 1279162
1 1132 1281425
1 1133 1283690
1 1134 1285957
1 1135 1288226
1 1136 1290497
1 1137 1292770
1 1138 1295045
1 1139 1297322
1 1140 1299601
1 1141 1301882
1 1142 1304165
1 1143 1306450
1 1144 1308737
1 1145 1311026
1 1146 1313317
1 1147 1315610
1 1148 1317905
1 1149 1320202
1 1150 1322501
1 1151 1324802
1 1152 1327105
1 1153 1329410
1 1154 1331717
1 1155 1334026
1 1156 1336337
1 1157 1338650
1 1158 1340965
1 1159 1343282
1 1160 1345601
1 1161 1347922
1 1162 1350245
1 1163 1352570
1 1164 1354897
1 1165 1357226
1 1166 1359557
1 1167 1361890
1 1168 1364225
1 1169 1366562
1 1170 1368901
1 1171 1371242
1 1172 1373585
1 1173 1375930
1 1174 1378277
1 1175 1380626
1 1176 1382977
1 1177 1385330
1 1178 1387685
1 1179 1390042
1 1180 1392401
1 1181 1394762
1 1182 1397125
1 1183 1399490
1 1184 1401857
1 1185 1404226
1 1186 1406597
1 1187 1408970
1 1188 1411345
1 1189 1413722
1 1190 1416101
1 1191 1418482
1 1192 1420865
1 1193 1423250
1 1194 1425637
1 1195 1428026
1 1196 1430417
1 1197 1432810
1 1198 1435205
1 1199 1437602
1 1200 1440001
1 1201 1442402
1 1202 1444805
1 1203 1447210
1 1204 1449617
1 1205 1452026
1 1206 1454437
1 1207 1456850
1 1208 1459265
1 1209 1461682
1 1210 1464101
1 1211 1466522
1 1212 1468945
1 1213 1471370
1 1214 1473797
1 1215 1476226
1 1216 1478657
1 1217 1481090
1 1218 1483525
1 1219 1485962
1 1220 1488401
1 1221 1490842
1 1222 1493285
1 1223 1495730
1 1224 1498177
1 1225 1500626
1 1226 1503077
1 1227 1505530
1 1228 1507985
1 1229 1510442
1 1230 1512901
1 1231 1515362
1 1232 1517825
1 1233 1520290
1 1234 1522757
1 1235 1525226
1 1236 1527697
1 1237 1530170
1 1238 1532645
1 1239 1535122
1 1240 1537601
1 1241 1540082
1 1242 1542565
1 1243 1545050
1 1244 1547537
1 1245 1550026
1 1246 1552517
1 1247 1555010
1 1248 1557505
1 1249 1560002
1 1250 1562501
1 1251 1565002
1 1252 1567505
1 1253 1570010
1 1254 1572517
1 1255 1575026
1 1256 1577537
1 1257 1580050
1 1258 1582565
1 1259 1585082
1 1260 1587601
1 1261 1590122
1 1262 1592645
1 1263 1595170
1 1264 1597697
1 1265 1600226
1 1266 1602757
1 1267 1605290
1 1268 1607825
1 1269 1610362
1 1270 1612901
1 1271 1615442
1 1272 1617985
1 1273 1620530
1 1274 1623077
1 1275 1625626
1 1276 1628177
1 1277 1630730
1 1278 1633285
1 1279 1635842
1 1280 1638401
1 1281 1640962
1 1282 1643525
1 1283 1646090
1 1284 1648657
1 1285 1651226
1 1286 1653797
1 1287 1656370
1 1288 1658945
1 1289 1661522
1 1290 1664101
1 1291 1666682
1 1292 1669265
1 1293 1671850
1 1294 1674437
1 1295 1677026
1 1296 1679617
1 1297 1682210
1 1298 1684805
1 1299 1687402
1 1300 1690001
1 1301 1692602
1 1302 1695205
1 1303 1697810
1 1304 1700417
1 1305 1703026
1 1306 1705637
1 1307 1708250
1 1308 1710865
1 1309 1713482
1 1310 1716101
1 1311 1718722
1 1312 1721345
1 1313 1723970
1 1314 1726597
1 1315 1729226
1 1316 1731857
1 1317 1734490
1 1318 1737125
1 1319 1739762
1 1320 1742401
1 1321 1745042
1 1322 1747685
1 1323 1750330
1 1324 1752977
1 1325 1755626
1 1326 1758277
1 1327 1760930
1 1328 1763585
1 1329 1766242
1 1330 1768901
1 1331 1771562
1 1332 1774225
1 1333 1776890
1 1334 1779557
1 1335 1782226
1 1336 1784897
1 1337 1787570
1 1338 1790245
1 1339 1792922
1 1340 1795601
1 1341 1798282
1 1342 1800965
1 1343 1803650
1 1344 1806337
1 1345 1809026
1 1346 1811717
1 1347 1814410
1 1348 1817105
1 1349 1819802
1 1350 1822501
1 1351 1825202
1 1352 1827905
1 1353 1830610
1 1354 1833317
1 1355 1836026
1 1356 1838737
1 1357 1841450
1 1358 1844165
1 1359 1846882
1 1360 1849601
1 1361 1852322
1 1362 1855045
1 1363 1857770
1 1364 1860497
1 1365 1863226
1 1366 1865957
1 1367 1868690
1 1368 1871425
1 1369 1874162
1 1370 1876901
1 1371 1879642
1 1372 1882385
1 1373 1885130
1 1374 1887877
1 1375 1890626
1 1376 1893377
1 1377 1896130
1 1378 1898885
1 1379 1901642
1 1380 1904401
1 1381 1907162
1 1382 1909925
1 1383 1912690
1 1384 1915457
1 1385 1918226
1 1386 1920997
1 1387 1923770
1 1388 1926545
1 1389 1929322
1 1390 1932101
1 1391 1934882
1 1392 1937665
1 1393 1940450
1 1394 1943237
1 1395 1946026
1 1396 1948817
1 1397 1951610
1 1398 1954405
1 1399 1957202
1 1400 1960001
1 1401 1962802
1 1402 1965605
1 1403 1968410
1 1404 1971217
1 1405 1974026
1 1406 1976837
1 1407 1979650
1 1408 1982465
1 1409 1985282
1 1410 1988101
1 1411 1990922
1 1412 1993745
1 1413 1996570
1 1414 1999397
1 1415 2002226
1 1416 2005057
1 1417 2007890
1 1418 2010725
1 1419 2013562
1 1420 2016401
1 1421 2019242
1 1422 2022085
1 1423 2024930
1 1424 2027777
1 1425 2030626
1 1426 2033477
1 1427 2036330
1 1428 2039185
1 1429 2042042
1 1430 2044901
1 1431 2047762
1 1432 2050625
1 1433 2053490
1 1434 2056357
1 1435 2059226
1 1436 2062097
1 1437 2064970
1 1438 2067845
1 1439 2070722
1 1440 2073601
1 1441 2076482
1 1442 2079365
1 1443 2082250
1 1444 2085137
1 1445 2088026
1 1446 2090917
1 1447 2093810
1 1448 2096705
1 1449 2099602
1 1450 2102501
1 1451 2105402
1 1452 2108305
1 1453 2111210
1 1454 2114117
1 1455 2117026
1 1456 2119937
1 1457 2122850
1 1458 2125765
1 1459 2128682
1 1460 2131601
1 1461 2134522
1 1462 2137445
1 1463 2140370
1 1464 2143297
1 1465 2146226
1 1466 2149157
1 1467 2152090
1 1468 2155025
1 1469 2157962
1 1470 2160901
1 1471 2163842
1 1472 2166785
1 1473 2169730
1 1474 2172677
1 1475 2175626
1 1476 2178577
1 1477 2181530
1 1478 2184485
1 1479 2187442
1 1480 2190401
1 1481 2193362
1 1482 2196325
1 1483 2199290
1 1484 2202257
1 1485 2205226
1 1486 2208197
1 1487 2211170
1 1488 2214145
1 1489 2217122
1 1490 2220101
1 1491 2223082
1 1492 2226065
1 1493 2229050
1 1494 2232037
1 1495 2235026
1 1496 2238017
1 1497 2241010
1 1498 2244005
1 1499 2247002
1 1500 2250001
1 1501 2253002
1 1502 2256005
1 1503 2259010
1 1504 2262017
1 1505 2265026
1 1506 2268037
1 1507 2271050
1 1508 2274065
1 1509 2277082
1 1510 2280101
1 1511 2283122
1 1512 2286145
1 1513 2289170
1 1514 2292197
1 1515 2295226
1 1516 2298257
1 1517 2301290
1 1518 2304325
1 1519 2307362
1 1520 2310401
1 1521 2313442
1 1522 2316485
1 1523 2319530
1 1524 2322577
1 1525 2325626
1 1526 2328677
1 1527 2331730
1 1528 2334785
1 1529 2337842
1 1530 2340901
1 1531 2343962
1 1532 2347025
1 1533 2350090
1 1534 2353157
1 1535 2356226
1 1536 2359297
1 1537 2362370
1 1538 2365445
1 1539 2368522
1 1540 2371601
1 1541 2374682
1 1542 2377765
1 1543 2380850
1 1544 2383937
1 1545 2387026
1 1546 2390117
1 1547 2393210
1 1548 2396305
1 1549 2399402
1 1550 2402501
1 1551 2405602
1 1552 2408705
1 1553 2411810
1 1554 2414917
1 1555 2418026
1 1556 2421137
1 1557 2424250
1 1558 2427365
1 1559 2430482
1 1560 2433601
1 1561 2436722
1 1562 2439845
1 1563 2442970
1 1564 2446097
1 1565 2449226
1 1566 2452357
1 1567 2455490
1 1568 2458625
1 1569 2461762
1 1570 2464901
1 1571 2468042
1 1572 2471185
1 1573 2474330
1 1574 2477477
1 1575 2480626
1 1576 2483777
1 1577 2486930
1 1578 2490085
1 1579 2493242
1 1580 2496401
1 1581 2499562
1 1582 2502725
1 1583 2505890
1 1584 2509057
1 1585 2512226
1 1586 2515397
1 1587 2518570
1 1588 2521745
1 1589 2524922
1 1590 2528101
1 1591 2531282
1 1592 2534465
1 1593 2537650
1 1594 2540837
1 1595 2544026
1 1596 2547217
1 1597 2550410
1 1598 2553605
1 1599 2556802
1 1600 2560001
1 1601 2563202
1 1602 2566405
1 1603 2569610
1 1604 2572817
1 1605 2576026
1 1606 2579237
1 1607 2582450
1 1608 2585665
1 1609 2588882
1 1610 2592101
1 1611 2595322
1 1612 2598545
1 1613 2601770
1 1614 2604997
1 1615 2608226
1 1616 2611457
1 1617 2614690
1 1618 2617925
1 1619 2621162
1 1620 2624401
1 1621 2627642
1 1622 2630885
1 1623 2634130
1 1624 2637377
1 1625 2640626
1 1626 2643877
1 1627 2647130
1 1628 2650385
1 1629 2653642
1 1630 2656901
1 1631 2660162
1 1632 2663425
1 1633 2666690
1 1634 2669957
1 1635 2673226
1 1636 2676497
1 1637 2679770
1 1638 2683045
1 1639 2686322
1 1640 2689601
1 1641 2692882
1 1642 2696165
1 1643 2699450
1 1644 2702737
1 1645 2706026
1 1646 2709317
1 1647 2712610
1 1648 2715905
1 1649 2719202
1 1650 2722501
1 1651 2725802
1 1652 2729105
1 1653 2732410
1 1654 2735717
1 1655 2739026
1 1656 2742337
1 1657 2745650
1 1658 2748965
1 1659 2752282
1 1660 2755601
1 1661 2758922
1 1662 2762245
1 1663 2765570
1 1664 2768897
1 1665 2772226
1 1666 2775557
1 1667 2778890
1 1668 2782225
1 1669 2785562
1 1670 2788901
1 1671 2792242
1 1672 2795585
1 1673 2798930
1 1674 2802277
1 1675 2805626
1 1676 2808977
1 1677 2812330
1 1678 2815685
1 1679 2819042
1 1680 2822401
1 1681 2825762
1 1682 2829125
1 1683 2832490
1 1684 2835857
1 1685 2839226
1 1686 2842597
1 1687 2845970
1 1688 2849345
1 1689 2852722
1 1690 2856101
1 1691 2859482
1 1692 2862865
1 1693 2866250
1 1694 2869637
1 1695 2873026
1 1696 2876417
1 1697 2879810
1 1698 2883205
1 1699 2886602
1 1700 2890001
1 1701 2893402
1 1702 2896805
1 1703 2900210
1 1704 2903617
1 1705 2907026
1 1706 2910437
1 1707 2913850
1 1708 2917265
1 1709 2920682
1 1710 2924101
1 1711 2927522
1 1712 2930945
1 1713 2934370
1 1714 2937797
1 1715 2941226
1 1716 2944657
1 1717 2948090
1 1718 2951525
1 1719 2954962
1 1720 2958401
1 1721 2961842
1 1722 2965285
1 1723 2968730
1 1724 2972177
1 1725 2975626
1 1726 2979077
1 1727 2982530
1 1728 2985985
1 1729 2989442
1 1730 2992901
1 1731 2996362
1 1732 2999825
1 1733 3003290
1 1734 3006757
1 1735 3010226
1 1736 3013697
1 1737 3017170
1 1738 3020645
1 1739 3024122
1 1740 3027601
1 1741 3031082
1 1742 3034565
1 1743 3038050
1 1744 3041537
1 1745 3045026
1 1746 3048517
1 1747 3052010
1 1748 3055505
1 1749 3059002
1 1750 3062501
1 1751 3066002
1 1752 3069505
1 1753 3073010
1 1754 3076517
1 1755 3080026
1 1756 3083537
1 1757 3087050
1 1758 3090565
1 1759 3094082
1 1760 3097601
1 1761 3101122
1 1762 3104645
1 1763 3108170
1 1764 3111697
1 1765 3115226
1 1766 3118757
1 1767 3122290
1 1768 3125825
1 1769 3129362
1 1770 3132901
1 1771 3136442
1 1772 3139985
1 1773 3143530
1 1774 3147077
1 1775 3150626
1 1776 3154177
1 1777 3157730
1 1778 3161285
1 1779 3164842
1 1780 3168401
1 1781 3171962
1 1782 3175525
1 1783 3179090
1 1784 3182657
1 1785 3186226
1 1786 3189797
1 1787 3193370
1 1788 3196945
1 1789 3200522
1 1790 3204101
1 1791 3207682
1 1792 3211265
1 1793 3214850
1 1794 3218437
1 1795 3222026
1 1796 3225617
1 1797 3229210
1 1798 3232805
1 1799 3236402
1 1800 3240001
1 1801 3243602
1 1802 3247205
1 1803 3250810
1 1804 3254417
1 1805 3258026
1 1806 3261637
1 1807 3265250
1 1808 3268865
1 1809 3272482
1 1810 3276101
1 1811 3279722
1 1812 3283345
1 1813 3286970
1 1814 3290597
1 1815 3294226
1 1816 3297857
1 1817 3301490
1 1818 3305125
1 1819 3308762
1 1820 3312401
1 1821 3316042
1 1822 3319685
1 1823 3323330
1 1824 3326977
1 1825 3330626
1 1826 3334277
1 1827 3337930
1 1828 3341585
1 1829 3345242
1 1830 3348901
1 1831 3352562
1 1832 3356225
1 1833 3359890
1 1834 3363557
1 1835 3367226
1 1836 3370897
1 1837 3374570
1 1838 3378245
1 1839 3381922
1 1840 3385601
1 1841 3389282
1 1842 3392965
1 1843 3396650
1 1844 3400337
1 1845 3404026
1 1846 3407717
1 1847 3411410
1 1848 3415105
1 1849 3418802
1 1850 3422501
1 1851 3426202
1 1852 3429905
1 1853 3433610
1 1854 3437317
1 1855 3441026
1 1856 3444737
1 1857 3448450
1 1858 3452165
1 1859 3455882
1 1860 3459601
1 1861 3463322
1 1862 3467045
1 1863 3470770
1 1864 3474497
1 1865 3478226
1 1866 3481957
1 1867 3485690
1 1868 3489425
1 1869 3493162
1 1870 3496901
1 1871 3500642
1 1872 3504385
1 1873 3508130
1 1874 3511877
1 1875 3515626
1 1876 3519377
1 1877 3523130
1 1878 3526885
1 1879 3530642
1 1880 3534401
1 1881 3538162
1 1882 3541925
1 1883 3545690
1 1884 3549457
1 1885 3553226
1 1886 3556997
1 1887 3560770
1 1888 3564545
1 1889 3568322
1 1890 3572101
1 1891 3575882
1 1892 3579665
1 1893 3583450
1 1894 3587237
1 1895 3591026
1 1896 3594817
1 1897 3598610
1 1898 3602405
1 1899 3606202
1 1900 3610001
1 1901 3613802
1 1902 3617605
1 1903 3621410
1 1904 3625217
1 1905 3629026
1 1906 3632837
1 1907 3636650
1 1908 3640465
1 1909 3644282
1 1910 3648101
1 1911 3651922
1 1912 3655745
1 1913 3659570
1 1914 3663397
1 1915 3667226
1 1916 3671057
1 1917 3674890
1 1918 3678725
1 1919 3682562
1 1920 3686401
1 1921 3690242
1 1922 3694085
1 1923 3697930
1 1924 3701777
1 1925 3705626
1 1926 3709477
1 1927 3713330
1 1928 3717185
1 1929 3721042
1 1930 3724901
1 1931 3728762
1 1932 3732625
1 1933 3736490
1 1934 3740357
1 1935 3744226
1 1936 3748097
1 1937 3751970
1 1938 3755845
1 1939 3759722
1 1940 3763601
1 1941 3767482
1 1942 3771365
1 1943 3775250
1 1944 3779137
1 1945 3783026
1 1946 3786917
1 1947 3790810
1 1948 3794705
1 1949 3798602
1 1950 3802501
1 1951 3806402
1 1952 3810305
1 1953 3814210
1 1954 3818117
1 1955 3822026
1 1956 3825937
1 1957 3829850
1 1958 3833765
1 1959 3837682
1 1960 3841601
1 1961 3845522
1 1962 3849445
1 1963 3853370
1 1964 3857297
1 1965 3861226
1 1966 3865157
1 1967 3869090
1 1968 3873025
1 1969 3876962
1 1970 3880901
1 1971 3884842
1 1972 3888785
1 1973 3892730
1 1974 3896677
1 1975 3900626
1 1976 3904577
1 1977 3908530
1 1978 3912485
1 1979 3916442
1 1980 3920401
1 1981 3924362
1 1982 3928325
1 1983 3932290
1 1984 3936257
1 1985 3940226
1 1986 3944197
1 1987 3948170
1 1988 3952145
1 1989 3956122
1 1990 3960101
1 1991 3964082
1 1992 3968065
1 1993 3972050
1 1994 3976037
1 1995 3980026
1 1996 3984017
1 1997 3988010
1 1998 3992005
1 1999 3996002
