751200
705570
54764
216440
544112
199400
864800
225384
833544
761140
39640
238246
216832
74208
69059
769704
676428
30818
612144
294328
667712
801920
525535
2940
975254
706225
945000
668714
23360
237728
708488
122805
856512
828320
580957
605392
958825
692664
299000
323748
68591
344306
152600
664539
964656
445940
986396
637783
646450
61836
388354
695088
771385
557735
902279
364560
355222
296420
682768
323810
4049
101052
360220
235174
190916
20360
446570
50892
502192
410304
472272
408406
982829
844135
946710
695860
385493
915298
222840
912709
540360
546587
129022
444358
423040
879017
130994
697537
297192
319679
379010
261269
739710
247265
422968
871930
200812
254891
871480
524
254240
186592
691096
706362
422735
763410
396912
66768
241408
50167
214139
77218
229740
706240
972367
162653
693890
377014
611704
323324
689380
182536
623795
610460
334188
334100
46960
464400
118143
582144
82988
858938
644734
563641
112718
82800
337699
260504
1408
554840
60988
394064
144076
196912
557704
695600
116432
625529
391736
294099
330685
501728
107260
806884
174788
268700
829790
325222
268865
713000
201908
556080
383073
867572
785594
283686
233088
804180
346467
400460
642572
201160
277964
725672
496178
386986
605264
378375
355186
151172
504680
889283
835408
789585
316400
43342
573612
322424
398224
201760
685978
67749
112734
518926
341320
208160
572400
225785
807040
871384
924140
364096
596404
930920
168160
900280
975757
123492
578634
718742
879070
260117
874270
524550
286040
531890
818270
139968
443505
673266
199480
404851
368895
807200
201124
435249
235870
726830
97016
302832
249003
911672
136750
851008
510584
976100
935411
290272
887954
590285
229970
920680
432380
459934
233928
467096
388420
145258
41856
693552
81860
413671
869684
818505
879363
68396
983430
730325
758562
847188
524440
71228
674560
443230
260304
411943
120918
158034
91720
58704
899797
574338
375250
727060
356653
647027
513252
828392
196660
940450
700352
424097
433464
312363
460905
750177
73284
421950
96992
764200
650045
376169
450500
683364
305857
146536
131702
185334
577329
695668
630560
869993
521839
160917
264560
793770
972606
597720
753280
270303
739256
604991
764932
21284
73258
871564
406784
8192
124716
158204
555240
280940
959788
329159
996552
638800
869568
814656
741990
821220
689012
90546
805190
291747
701532
404883
864203
405180
238304
15570
32232
206200
109005
719616
511068
83946
441858
918115
254402
67912
591032
976144
293750
201516
302288
443100
869800
264065
110328
659122
568060
921024
713881
939089
888080
280829
808892
786960
282188
134882
367740
595520
485542
803502
295827
534378
320000
123025
753265
241468
228367
393000
215711
471796
744686
958670
466470
866673
738590
55628
389730
882282
895370
5841
705715
709780
665033
276004
407440
934917
715642
739403
460567
762982
530995
739670
378594
957766
774448
29100
472050
97872
702224
509072
604817
896630
694244
778568
188545
890781
133287
312140
449620
746144
595220
858987
561920
242812
802328
769916
397536
544790
416000
196248
52360
153304
890663
620378
424800
256544
584168
636486
93515
378560
647456
996400
75127
650943
959184
789655
701540
639224
543496
479136
32188
297206
461244
878044
513548
481842
595744
161820
708207
474318
615849
595925
846182
227015
984668
94151
227147
733246
495367
297840
32000
72160
428934
426246
820456
592809
633622
390755
433422
534350
161724
886295
726870
351560
67349
933226
904750
613669
66110
295376
576330
476194
676150
428137
380185
139114
916603
428664
739988
164056
170180
546317
571438
743766
118482
714320
487674
729266
534100
632396
964000
242480
167627
805962
651496
397228
635008
152480
304724
563225
927532
151800
218904
307475
635416
324472
755396
877520
957098
170541
74385
166994
852302
550332
60290
655141
31691
961091
797892
60884
371508
302944
898205
184793
466640
476826
149752
339784
505870
600504
595075
131029
245640
379375
377882
435512
765059
592813
943300
275395
52138
673754
205501
122280
422520
325360
908829
694790
99966
482184
651343
103536
269390
100730
180649
446004
120800
300007
204412
148610
658475
147840
133772
886944
150723
925816
485420
269568
591868
66340
259691
750025
529370
319800
934164
604297
167282
566148
542154
583150
876445
33356
17892
37842
911242
305325
665848
408024
966437
959646
630518
159287
973822
642981
667264
94880
230376
274550
916560
361950
947915
201026
922032
959318
882400
530070
309504
257330
1216
491585
570496
456531
385500
878624
795926
926859
101600
139584
262263
177176
484955
980832
602840
508892
534421
636540
193173
387028
838815
686816
206560
261672
583485
149070
908856
464158
421044
982400
883100
561814
499933
840170
884653
364856
204880
623328
209270
556750
172811
331768
586081
168814
580875
868156
412812
265336
309170
625832
747691
880664
324752
360116
914195
225750
669482
889145
284264
548316
217984
580398
310095
597513
212768
421868
655530
941312
252992
980729
747984
81380
115514
696556
905552
6529
457888
445334
74520
598412
604012
392994
976800
251303
946794
622051
917844
982712
482812
172672
690760
396682
900529
297547
782100
650414
570220
181182
305158
959552
533400
297150
562140
104927
439906
86718
227470
35742
396384
130312
285188
829207
400476
501895
638964
708710
570344
105888
1238
735920
131760
678974
412896
973281
960408
40968
436360
345555
864400
60925
971158
125236
617642
251590
644902
475584
380516
889464
40648
953979
15050
752050
92480
360018
102319
762272
580290
821732
357251
369812
563055
446985
312023
285520
317461
803456
96298
309901
570764
572908
12408
679230
621544
244676
162082
310810
562124
768275
76139
131948
838525
677710
149136
247180
518454
495936
311416
801340
976032
259568
111620
320970
149421
611450
612976
437088
59444
665890
795770
980934
733514
155179
63278
40656
585374
161600
147514
832933
967900
357128
870074
992272
766785
77632
343480
689240
922806
413276
630128
244745
417789
159562
693624
389550
396920
644648
708222
848504
118272
668000
619272
6632
123531
492796
431504
543638
843155
840325
64552
376555
571818
863503
38000
207459
357296
947904
697301
126250
452960
225967
801052
519364
20000
76495
401704
985259
886260
516450
863476
251447
209822
875912
812265
664740
804796
346996
434120
200090
946080
531138
285434
602880
856837
189718
326410
495590
320875
235000
327388
181623
428808
330438
861000
72272
723048
3944
61708
123250
528850
378260
148864
782725
263059
377984
777090
473388
763874
499120
633790
283264
904482
472160
857885
177405
239778
335140
813875
864384
526134
230730
816631
160347
803080
31568
165896
864662
808054
130488
818898
387986
854318
709943
190366
46096
851250
832470
389860
229490
578914
654030
198750
659708
832784
186560
935655
182048
323312
683576
854546
939004
783812
366905
608444
349102
733086
680410
779481
223847
809628
701480
634097
644218
426645
763104
175624
21484
398308
167916
378496
244375
921434
995960
641156
454780
53975
265560
933096
696890
661480
302316
556680
853225
104478
36904
124070
782494
224925
995487
0
