6
1 2
2 3
2 4
5 4
6 4
4
1 2
2 3
3 4
7
1 2
1 3
1 4
1 5
1 6
1 7
6
1 2
2 3
2 4
5 4
6 4
2
2 1
3
3 1
1 2
3
1 3
2 1
4
2 3
1 3
2 4
5
1 5
5 2
4 2
3 1
5
2 4
2 5
1 5
2 3
6
1 2
2 5
4 5
4 6
3 2
7
1 6
4 6
5 6
6 7
2 6
3 7
8
8 6
1 8
7 8
3 1
2 6
5 3
8 4
9
8 4
7 8
6 4
8 3
1 4
3 9
5 7
2 5
9
4 7
5 4
2 7
5 6
3 7
7 1
9 2
8 3
10
7 6
6 8
10 7
5 10
5 3
2 8
4 5
1 7
4 9
10
10 7
7 5
10 8
6 5
7 2
9 7
1 10
3 5
4 10
15
15 1
15 10
11 1
1 13
10 12
1 8
15 9
14 13
10 2
7 10
5 15
8 4
11 3
6 15
15
10 12
12 4
15 12
15 6
5 15
10 1
8 15
13 12
14 6
8 3
11 5
12 7
15 9
2 7
15
13 14
10 14
5 10
10 6
9 10
10 7
15 6
8 7
2 6
1 10
3 1
3 11
4 3
14 12
30
2 4
14 2
2 3
23 14
30 2
6 14
13 4
24 30
17 30
25 2
26 23
28 3
6 8
23 29
18 25
10 2
25 7
9 26
6 27
13 12
22 3
1 28
11 10
25 20
30 19
16 14
22 5
21 30
15 18
50
7 34
5 34
5 11
11 23
42 5
41 11
12 41
41 49
1 49
12 6
7 15
17 42
20 6
17 46
20 19
46 22
46 40
44 40
43 46
22 8
17 29
44 18
31 18
46 9
7 16
32 11
13 41
20 36
34 25
46 28
39 34
30 42
11 47
45 15
37 17
4 23
35 17
17 48
2 17
34 24
1 10
21 5
2 3
50 16
33 5
20 14
26 19
16 27
38 43
300
1 2
2 3
3 4
4 5
5 6
6 7
7 8
8 9
9 10
10 11
11 12
12 13
13 14
14 15
15 16
16 17
17 18
18 19
19 20
20 21
21 22
22 23
23 24
24 25
25 26
26 27
27 28
28 29
29 30
30 31
31 32
32 33
33 34
34 35
35 36
36 37
37 38
38 39
39 40
40 41
41 42
42 43
43 44
44 45
45 46
46 47
47 48
48 49
49 50
50 51
51 52
52 53
53 54
54 55
55 56
56 57
57 58
58 59
59 60
60 61
61 62
62 63
63 64
64 65
65 66
66 67
67 68
68 69
69 70
70 71
71 72
72 73
73 74
74 75
75 76
76 77
77 78
78 79
79 80
80 81
81 82
82 83
83 84
84 85
85 86
86 87
87 88
88 89
89 90
90 91
91 92
92 93
93 94
94 95
95 96
96 97
97 98
98 99
99 100
100 101
101 102
102 103
103 104
104 105
105 106
106 107
107 108
108 109
109 110
110 111
111 112
112 113
113 114
114 115
115 116
116 117
117 118
118 119
119 120
120 121
121 122
122 123
123 124
124 125
125 126
126 127
127 128
128 129
129 130
130 131
131 132
132 133
133 134
134 135
135 136
136 137
137 138
138 139
139 140
140 141
141 142
142 143
143 144
144 145
145 146
146 147
147 148
148 149
149 150
150 151
151 152
152 153
153 154
154 155
155 156
156 157
157 158
158 159
159 160
160 161
161 162
162 163
163 164
164 165
165 166
166 167
167 168
168 169
169 170
170 171
171 172
172 173
173 174
174 175
175 176
176 177
177 178
178 179
179 180
180 181
181 182
182 183
183 184
184 185
185 186
186 187
187 188
188 189
189 190
190 191
191 192
192 193
193 194
194 195
195 196
196 197
197 198
198 199
199 200
200 201
201 202
202 203
203 204
204 205
205 206
206 207
207 208
208 209
209 210
210 211
211 212
212 213
213 214
214 215
215 216
216 217
217 218
218 219
219 220
220 221
221 222
222 223
223 224
224 225
225 226
226 227
227 228
228 229
229 230
230 231
231 232
232 233
233 234
234 235
235 236
236 237
237 238
238 239
239 240
240 241
241 242
242 243
243 244
244 245
245 246
246 247
247 248
248 249
249 250
250 251
251 252
252 253
253 254
254 255
255 256
256 257
257 258
258 259
259 260
260 261
261 262
262 263
263 264
264 265
265 266
266 267
267 268
268 269
269 270
270 271
271 272
272 273
273 274
274 275
275 276
276 277
277 278
278 279
279 280
280 281
281 282
282 283
283 284
284 285
285 286
286 287
287 288
288 289
289 290
290 291
291 292
292 293
293 294
294 295
295 296
296 297
297 298
298 299
299 300
300
1 2
1 3
1 4
1 5
1 6
1 7
1 8
1 9
1 10
1 11
1 12
1 13
1 14
1 15
1 16
1 17
1 18
1 19
1 20
1 21
1 22
1 23
1 24
1 25
1 26
1 27
1 28
1 29
1 30
1 31
1 32
1 33
1 34
1 35
1 36
1 37
1 38
1 39
1 40
1 41
1 42
1 43
1 44
1 45
1 46
1 47
1 48
1 49
1 50
1 51
1 52
1 53
1 54
1 55
1 56
1 57
1 58
1 59
1 60
1 61
1 62
1 63
1 64
1 65
1 66
1 67
1 68
1 69
1 70
1 71
1 72
1 73
1 74
1 75
1 76
1 77
1 78
1 79
1 80
1 81
1 82
1 83
1 84
1 85
1 86
1 87
1 88
1 89
1 90
1 91
1 92
1 93
1 94
1 95
1 96
1 97
1 98
1 99
1 100
1 101
1 102
1 103
1 104
1 105
1 106
1 107
1 108
1 109
1 110
1 111
1 112
1 113
1 114
1 115
1 116
1 117
1 118
1 119
1 120
1 121
1 122
1 123
1 124
1 125
1 126
1 127
1 128
1 129
1 130
1 131
1 132
1 133
1 134
1 135
1 136
1 137
1 138
1 139
1 140
1 141
1 142
1 143
1 144
1 145
1 146
1 147
1 148
1 149
1 150
1 151
1 152
1 153
1 154
1 155
1 156
1 157
1 158
1 159
1 160
1 161
1 162
1 163
1 164
1 165
1 166
1 167
1 168
1 169
1 170
1 171
1 172
1 173
1 174
1 175
1 176
1 177
1 178
1 179
1 180
1 181
1 182
1 183
1 184
1 185
1 186
1 187
1 188
1 189
1 190
1 191
1 192
1 193
1 194
1 195
1 196
1 197
1 198
1 199
1 200
1 201
1 202
1 203
1 204
1 205
1 206
1 207
1 208
1 209
1 210
1 211
1 212
1 213
1 214
1 215
1 216
1 217
1 218
1 219
1 220
1 221
1 222
1 223
1 224
1 225
1 226
1 227
1 228
1 229
1 230
1 231
1 232
1 233
1 234
1 235
1 236
1 237
1 238
1 239
1 240
1 241
1 242
1 243
1 244
1 245
1 246
1 247
1 248
1 249
1 250
1 251
1 252
1 253
1 254
1 255
1 256
1 257
1 258
1 259
1 260
1 261
1 262
1 263
1 264
1 265
1 266
1 267
1 268
1 269
1 270
1 271
1 272
1 273
1 274
1 275
1 276
1 277
1 278
1 279
1 280
1 281
1 282
1 283
1 284
1 285
1 286
1 287
1 288
1 289
1 290
1 291
1 292
1 293
1 294
1 295
1 296
1 297
1 298
1 299
1 300
300
1 2
2 3
3 4
4 5
5 6
6 7
7 8
8 9
9 10
10 11
11 12
12 13
13 14
14 15
15 16
16 17
17 18
18 19
19 20
20 21
21 22
22 23
23 24
24 25
25 26
26 27
27 28
28 29
29 30
30 31
31 32
32 33
33 34
34 35
35 36
36 37
37 38
38 39
39 40
40 41
41 42
42 43
43 44
44 45
45 46
46 47
47 48
48 49
49 50
50 51
51 52
52 53
53 54
54 55
55 56
56 57
57 58
58 59
59 60
60 61
61 62
62 63
63 64
64 65
65 66
66 67
67 68
68 69
69 70
70 71
71 72
72 73
73 74
74 75
75 76
76 77
77 78
78 79
79 80
80 81
81 82
82 83
83 84
84 85
85 86
86 87
87 88
88 89
89 90
90 91
91 92
92 93
93 94
94 95
95 96
96 97
97 98
98 99
99 100
100 101
101 102
102 103
103 104
104 105
105 106
106 107
107 108
108 109
109 110
110 111
111 112
112 113
113 114
114 115
115 116
116 117
117 118
118 119
119 120
120 121
121 122
122 123
123 124
124 125
125 126
126 127
127 128
128 129
129 130
130 131
131 132
132 133
133 134
134 135
135 136
136 137
137 138
138 139
139 140
140 141
141 142
142 143
143 144
144 145
145 146
146 147
147 148
148 149
149 150
150 151
151 152
152 153
153 154
154 155
155 156
156 157
157 158
158 159
159 160
160 161
161 162
162 163
163 164
164 165
165 166
166 167
167 168
168 169
169 170
170 171
171 172
172 173
173 174
174 175
175 176
176 177
177 178
178 179
179 180
180 181
181 182
182 183
183 184
184 185
185 186
186 187
187 188
188 189
189 190
190 191
191 192
192 193
193 194
194 195
195 196
196 197
197 198
198 199
199 200
200 201
101 202
202 203
203 204
204 205
205 206
206 207
207 208
208 209
209 210
210 211
211 212
212 213
213 214
214 215
215 216
216 217
217 218
218 219
219 220
220 221
221 222
222 223
223 224
224 225
225 226
226 227
227 228
228 229
229 230
230 231
231 232
232 233
233 234
234 235
235 236
236 237
237 238
238 239
239 240
240 241
241 242
242 243
243 244
244 245
245 246
246 247
247 248
248 249
249 250
250 251
251 252
252 253
253 254
254 255
255 256
256 257
257 258
258 259
259 260
260 261
261 262
262 263
263 264
264 265
265 266
266 267
267 268
268 269
269 270
270 271
271 272
272 273
273 274
274 275
275 276
276 277
277 278
278 279
279 280
280 281
281 282
282 283
283 284
284 285
285 286
286 287
287 288
288 289
289 290
290 291
291 292
292 293
293 294
294 295
295 296
296 297
297 298
298 299
299 300
300
1 2
2 3
3 4
4 5
5 6
6 7
7 8
8 9
9 10
10 11
11 12
12 13
13 14
14 15
15 16
16 17
17 18
18 19
19 20
20 21
21 22
22 23
23 24
24 25
25 26
26 27
27 28
28 29
29 30
30 31
31 32
32 33
33 34
34 35
35 36
36 37
37 38
38 39
39 40
40 41
41 42
42 43
43 44
44 45
45 46
46 47
47 48
48 49
49 50
50 51
51 52
52 53
53 54
54 55
55 56
56 57
57 58
58 59
59 60
60 61
61 62
62 63
63 64
64 65
65 66
66 67
67 68
68 69
69 70
70 71
71 72
72 73
73 74
74 75
75 76
76 77
77 78
78 79
79 80
80 81
81 82
82 83
83 84
84 85
85 86
86 87
87 88
88 89
89 90
90 91
91 92
92 93
93 94
94 95
95 96
96 97
97 98
98 99
99 100
100 101
101 102
102 103
103 104
104 105
105 106
106 107
107 108
108 109
109 110
110 111
111 112
112 113
113 114
114 115
115 116
116 117
117 118
118 119
119 120
120 121
121 122
122 123
123 124
124 125
125 126
126 127
127 128
128 129
129 130
130 131
131 132
132 133
133 134
134 135
135 136
136 137
137 138
138 139
139 140
140 141
141 142
142 143
143 144
144 145
145 146
146 147
147 148
148 149
149 150
150 151
101 152
152 153
153 154
154 155
155 156
156 157
157 158
158 159
159 160
160 161
161 162
162 163
163 164
164 165
165 166
166 167
167 168
168 169
169 170
170 171
171 172
172 173
173 174
174 175
175 176
176 177
177 178
178 179
179 180
180 181
181 182
182 183
183 184
184 185
185 186
186 187
187 188
188 189
189 190
190 191
191 192
192 193
193 194
194 195
195 196
196 197
197 198
198 199
199 200
200 201
201 202
202 203
203 204
204 205
205 206
206 207
207 208
208 209
209 210
210 211
211 212
212 213
213 214
214 215
215 216
216 217
217 218
218 219
219 220
220 221
221 222
222 223
223 224
224 225
225 226
226 227
227 228
228 229
229 230
230 231
231 232
232 233
233 234
234 235
235 236
236 237
237 238
238 239
239 240
240 241
241 242
242 243
243 244
244 245
245 246
246 247
247 248
248 249
249 250
250 251
251 252
252 253
253 254
254 255
255 256
256 257
257 258
258 259
259 260
260 261
261 262
262 263
263 264
264 265
265 266
266 267
267 268
268 269
269 270
270 271
271 272
272 273
273 274
274 275
275 276
276 277
277 278
278 279
279 280
280 281
281 282
282 283
283 284
284 285
285 286
286 287
287 288
288 289
289 290
290 291
291 292
292 293
293 294
294 295
295 296
296 297
297 298
298 299
299 300
182
56 20
118 21
176 64
178 92
133 104
52 149
67 154
89 66
27 47
75 51
31 78
50 113
71 166
120 161
10 109
18 14
126 74
144 165
82 164
180 154
155 2
73 19
63 32
133 19
177 118
128 8
140 133
129 59
119 161
37 133
160 13
181 109
162 35
150 12
152 94
170 83
97 130
176 93
73 17
178 64
14 107
153 71
135 88
111 32
132 180
69 92
115 14
106 21
154 90
54 109
68 27
148 102
82 65
125 120
80 39
10 129
62 133
22 172
136 75
166 127
52 35
166 179
157 128
64 164
162 123
103 127
176 57
108 40
102 58
175 129
139 101
64 149
42 147
55 144
92 18
34 132
171 59
174 12
179 118
157 167
180 49
9 114
82 106
113 38
20 143
68 126
55 182
48 89
165 102
71 84
107 116
148 31
16 109
6 154
151 147
99 153
33 14
55 50
67 52
90 96
34 157
25 7
104 67
152 146
153 169
159 112
106 121
98 62
66 133
122 141
40 81
73 139
37 16
43 19
87 68
138 129
95 41
45 67
140 7
86 106
41 122
165 42
70 51
68 168
114 157
148 51
120 124
181 56
122 54
92 50
105 79
39 176
126 1
72 67
125 15
172 79
70 15
168 29
13 87
117 109
76 84
46 111
13 92
1 83
73 135
46 145
4 128
100 180
131 14
142 67
122 24
137 45
131 108
130 145
91 17
151 145
105 135
176 60
161 5
30 111
59 77
44 8
85 134
120 28
2 137
61 88
53 104
67 26
90 36
110 152
110 57
112 81
156 106
163 76
85 105
174 52
23 173
128 3
122 11
37 158
23 40
145
121 38
3 144
3 58
139 126
123 55
30 72
27 87
8 34
29 64
41 79
102 129
84 105
25 96
31 53
66 60
135 54
97 69
34 44
64 40
58 7
114 73
135 27
47 2
106 124
130 18
100 143
84 2
132 141
128 80
129 44
25 15
127 54
3 70
34 142
99 2
116 120
6 10
62 26
121 30
53 113
141 77
134 59
115 34
56 137
27 136
129 89
116 128
130 114
138 56
55 96
132 27
60 14
38 115
69 135
93 140
57 43
97 50
39 18
32 130
12 128
94 89
68 16
122 127
125 40
109 129
101 111
27 56
90 22
80 137
118 79
132 139
55 24
145 112
141 21
5 11
143 10
22 73
42 80
108 117
78 98
119 131
105 124
65 104
139 99
104 48
123 29
63 118
7 28
61 120
76 127
129 123
22 97
4 65
58 136
127 16
123 101
86 19
63 81
5 34
113 101
21 110
60 89
10 107
43 30
94 19
61 109
33 46
95 43
85 97
98 94
35 4
140 10
140 66
62 126
60 81
36 5
28 51
48 16
13 17
24 67
92 42
118 20
119 94
124 59
33 104
93 52
13 101
83 41
103 7
128 49
80 23
19 133
88 61
9 108
19 74
37 2
9 122
112 78
137 75
71 55
91 97
128 1
82 43
31 45
101
64 36
33 94
44 41
44 38
70 72
30 53
65 45
35 101
1 16
92 37
10 64
81 92
22 52
89 80
100 40
88 48
49 27
24 60
5 10
42 38
64 2
13 95
45 22
40 29
74 100
38 15
16 70
26 54
41 49
86 92
47 58
74 65
19 66
23 53
80 39
49 54
20 80
2 46
95 78
73 20
71 81
26 29
75 81
72 67
59 93
67 3
53 73
30 62
97 42
28 56
42 8
5 67
6 49
39 2
52 34
64 35
90 61
95 50
101 7
12 26
22 9
37 38
101 57
99 92
34 98
95 96
10 24
90 87
63 98
51 22
84 37
6 18
18 25
3 65
71 50
69 48
21 72
54 59
70 48
63 11
73 43
35 58
53 55
82 23
66 55
76 20
80 4
21 32
96 90
56 54
94 88
77 70
26 85
31 68
79 87
57 68
91 17
83 2
14 43
55 17
125
91 34
49 106
124 69
73 91
66 52
49 62
9 86
100 13
65 110
45 35
3 49
112 100
53 58
1 87
81 2
31 95
107 19
85 119
35 40
119 66
75 22
25 91
31 42
118 17
92 77
90 98
106 105
120 49
68 76
89 9
66 64
61 85
35 26
108 58
119 26
27 95
99 3
71 107
114 42
77 109
59 37
98 3
72 69
4 93
12 70
19 30
42 106
21 5
28 113
41 47
28 39
100 14
32 24
23 24
114 65
2 34
26 32
105 76
24 93
113 71
91 38
24 8
33 71
97 21
108 35
100 68
9 4
124 31
124 43
99 94
38 1
16 21
122 54
78 84
76 57
33 53
58 16
63 93
80 53
74 30
121 49
31 118
89 123
5 96
18 91
115 121
62 16
120 91
71 37
69 44
31 103
99 29
7 58
12 62
61 55
39 67
6 62
68 83
84 56
78 44
77 3
49 125
46 105
48 91
116 39
36 101
57 117
11 16
92 104
41 122
22 72
15 17
18 20
51 118
47 89
60 23
101 23
83 102
117 50
67 82
93 79
88 1
111 1
10 120
202
170 49
29 144
151 71
49 56
167 99
118 16
190 20
86 126
106 135
81 185
141 47
156 11
168 55
119 72
10 191
67 13
1 47
95 78
21 142
183 191
141 112
147 34
137 27
98 195
89 56
150 174
196 65
200 178
198 160
7 81
191 17
167 143
184 120
124 165
21 36
39 119
77 107
49 151
30 91
168 195
103 53
134 55
22 23
172 199
202 89
190 89
85 83
196 1
56 45
10 173
176 195
58 161
25 114
145 180
61 161
202 75
108 164
34 155
55 128
129 42
32 197
77 68
78 103
126 25
162 144
46 52
25 144
30 12
163 27
108 50
133 161
21 110
186 160
36 54
50 95
136 79
120 197
60 9
56 10
154 21
168 108
106 185
130 13
188 101
24 148
134 131
94 110
132 124
74 8
52 18
156 1
80 147
83 201
154 1
5 48
61 3
199 162
22 31
116 53
45 4
20 114
17 36
106 160
72 88
143 48
106 162
70 154
153 202
30 99
161 98
4 133
175 145
39 154
94 146
147 165
163 29
67 164
5 181
60 194
1 181
194 84
157 193
16 167
6 100
84 80
24 71
100 104
19 159
181 44
76 13
65 125
6 37
152 172
184 183
131 15
144 87
100 136
153 113
136 72
98 14
150 169
129 158
108 40
85 64
30 68
33 172
194 162
135 18
147 121
45 174
53 189
202 35
160 59
60 201
108 177
198 69
82 62
186 187
13 42
51 156
19 93
22 16
188 9
192 120
178 171
111 79
16 179
147 115
74 26
105 164
109 9
38 195
28 41
102 167
200 56
17 28
52 43
57 167
96 85
157 35
90 185
155 145
189 140
73 119
97 96
77 63
66 190
138 168
127 25
149 191
74 23
92 78
13 93
121 139
22 82
157 123
122 99
117 74
166 35
191 182
2 142
169
51 46
66 57
7 55
149 2
3 167
132 22
37 111
147 93
26 72
102 165
126 68
111 101
79 85
132 98
98 21
106 65
146 61
41 33
133 120
153 41
146 64
28 43
104 130
13 47
70 7
126 149
130 118
169 13
45 89
62 72
49 143
126 114
40 132
21 137
154 33
10 58
5 110
127 20
82 51
2 141
66 93
140 47
44 124
73 57
128 4
74 84
65 55
55 151
106 39
94 43
151 108
10 131
95 83
18 113
95 58
81 69
15 33
60 56
134 60
10 35
161 55
112 122
58 89
146 122
114 12
121 15
143 88
23 31
150 146
151 150
137 15
15 30
113 109
96 151
19 113
65 129
104 91
147 40
8 40
85 21
95 157
77 149
65 89
136 101
129 124
71 19
1 90
56 109
20 58
77 91
121 2
26 42
16 104
121 54
71 39
139 143
148 146
123 107
65 15
34 114
126 156
101 43
104 100
45 27
61 50
121 9
59 54
154 165
115 20
125 8
103 168
92 14
46 90
91 128
11 169
12 142
104 133
43 64
11 82
101 38
62 68
113 76
92 26
32 24
128 138
155 128
36 116
44 6
31 109
152 97
130 29
129 51
91 164
59 103
75 136
104 143
65 152
105 85
56 24
51 162
86 153
156 123
108 117
98 63
69 71
5 168
78 108
154 163
153 144
144 17
27 74
31 166
116 127
4 53
80 49
3 33
87 117
48 20
28 145
18 25
33 119
67 7
159 127
99 153
157 135
66 160
158 140
52 5
57
52 9
48 49
54 35
17 8
44 56
53 57
2 3
49 43
1 26
26 23
26 2
43 42
51 3
6 57
57 26
34 10
21 31
16 15
17 33
47 19
16 44
8 3
4 38
31 33
17 14
17 15
1 42
44 34
46 4
26 11
52 7
54 28
44 36
3 55
19 44
1 4
22 10
27 30
29 49
23 54
29 37
13 45
42 25
53 32
56 50
20 47
7 26
1 24
12 35
32 18
47 27
5 51
39 26
49 40
13 34
41 6
93
50 35
11 52
85 26
46 5
11 33
65 89
37 20
67 20
75 53
59 15
44 35
18 69
36 9
88 11
70 20
69 14
53 64
37 59
2 62
81 18
37 14
40 52
76 17
75 68
19 81
4 67
53 29
59 48
26 18
8 25
42 47
55 21
70 44
24 14
43 60
63 56
83 16
47 87
10 24
49 29
33 43
37 55
24 3
80 48
28 21
86 9
90 86
33 76
4 12
8 59
89 73
43 28
77 92
52 82
9 25
22 38
79 89
59 63
32 41
75 43
54 44
66 11
86 92
23 55
6 69
83 43
25 58
20 89
2 4
87 20
34 3
93 15
38 41
74 28
59 78
32 48
67 84
73 71
91 35
39 41
8 7
1 67
45 21
70 13
59 5
88 57
30 92
31 45
72 70
5 51
61 69
27 46
94
86 35
35 17
52 56
91 23
43 56
74 15
2 41
80 13
68 33
21 9
53 55
37 58
16 70
62 46
29 93
93 23
57 93
48 29
18 49
31 30
36 53
52 62
92 45
41 93
17 80
14 3
16 93
17 18
13 59
77 34
62 31
9 94
70 9
12 50
15 10
28 7
19 86
25 60
82 32
19 46
69 18
68 88
33 71
12 80
71 27
39 94
71 31
90 14
7 57
46 38
66 52
12 26
60 2
9 68
58 88
50 73
55 82
20 85
32 78
84 92
9 77
10 65
54 12
7 53
20 71
43 81
88 4
76 79
28 90
1 60
83 81
24 31
5 38
13 10
44 73
48 47
3 64
11 33
60 84
76 57
61 8
75 70
15 8
25 51
85 63
87 64
74 40
89 80
72 44
22 77
42 83
47 67
6 80
56
49 7
36 53
11 35
39 1
22 37
53 23
16 6
51 54
34 56
35 30
28 36
41 22
16 32
8 38
20 23
5 49
36 19
15 41
39 54
3 30
38 53
51 16
9 6
11 46
17 32
20 41
39 15
51 24
55 37
33 5
45 32
54 52
44 6
40 15
26 48
43 54
55 18
30 21
36 50
5 38
47 1
25 19
29 51
14 50
17 30
55 12
48 44
42 44
2 47
49 10
13 32
34 10
4 22
27 38
31 2
57
40 52
39 5
54 14
32 45
14 20
35 31
4 21
51 4
1 12
37 2
13 11
51 22
3 20
38 6
14 32
21 8
25 17
46 54
2 17
17 16
17 56
18 31
32 38
14 12
42 29
55 56
50 21
40 47
31 1
5 35
14 17
27 23
16 27
9 43
19 26
53 56
15 41
34 53
21 14
29 43
30 39
24 35
13 28
53 26
8 42
47 41
11 5
40 3
49 38
57 14
1 36
44 17
37 33
10 34
7 27
31 48
104
77 12
56 70
30 95
39 78
49 92
88 78
72 44
44 79
83 20
18 27
61 21
51 18
69 67
54 56
54 89
16 20
73 18
19 74
26 29
21 35
63 82
57 54
92 9
96 9
22 26
94 80
22 36
97 23
91 71
54 77
67 27
4 83
98 71
11 53
26 28
51 72
82 95
91 41
43 14
97 103
22 20
77 59
55 59
87 14
64 10
20 17
31 47
76 88
63 94
3 82
102 82
25 84
94 24
14 15
81 11
79 97
73 87
50 55
101 77
9 69
33 48
31 94
71 32
32 61
98 12
31 85
97 41
92 37
52 102
99 26
5 7
42 9
29 70
54 95
72 78
74 63
68 50
75 58
52 84
48 67
27 53
93 90
75 91
40 13
44 10
93 85
83 1
91 40
60 28
45 101
59 6
7 101
53 8
34 68
104 97
100 51
46 64
38 24
66 64
65 78
86 27
62 65
2 45
165
144 106
74 17
147 142
145 124
52 108
98 40
56 76
54 25
160 151
1 162
132 58
72 22
122 64
63 5
152 52
84 130
77 92
7 157
101 63
117 15
94 11
36 141
75 3
37 78
66 6
63 14
75 29
164 73
29 17
81 6
8 101
110 159
159 43
114 64
137 133
21 125
64 68
62 149
160 20
71 151
60 95
150 37
114 19
161 1
142 81
71 100
57 164
101 84
55 97
10 69
27 94
31 46
101 102
35 46
39 14
10 64
161 15
48 25
103 118
22 12
154 143
9 130
162 94
2 40
155 36
128 130
4 43
103 150
161 91
93 132
8 79
36 138
90 162
159 80
82 51
23 102
155 23
91 20
132 100
48 74
159 38
74 158
153 110
124 2
121 84
99 84
71 65
50 68
71 17
135 95
93 126
21 20
46 27
33 125
155 156
34 7
146 8
158 40
150 109
143 162
76 134
6 148
38 7
154 66
40 5
157 100
158 19
77 69
59 83
110 53
128 16
38 164
64 149
72 79
102 52
143 95
55 161
123 142
32 55
8 134
65 37
120 142
83 141
139 138
18 119
24 50
143 18
70 62
127 3
83 133
83 47
114 61
64 87
26 30
85 59
143 144
155 30
82 154
49 25
5 140
139 115
104 32
59 96
44 106
89 75
107 38
110 67
88 112
86 46
44 116
112 150
111 6
153 129
43 105
42 72
131 82
43 165
20 163
144 113
128 136
41 146
28 70
45 29
13 108
80
36 59
29 19
1 7
17 76
2 28
15 31
31 42
12 33
65 60
28 64
2 49
59 28
22 8
23 51
39 17
3 49
29 20
79 56
15 37
4 77
9 60
11 20
42 72
69 47
56 28
64 42
1 65
35 65
58 65
60 51
2 41
13 19
40 24
7 38
78 66
28 48
25 43
8 2
7 12
24 78
16 72
66 21
18 61
52 35
46 47
9 66
29 53
44 55
30 26
20 23
42 17
49 58
35 67
18 56
43 7
25 62
63 79
45 64
7 34
70 57
74 1
18 6
2 77
14 9
68 42
77 46
50 66
27 22
12 73
58 70
44 34
10 11
5 39
40 80
30 34
41 75
71 7
70 32
46 54
158
46 101
106 88
78 156
133 107
77 143
16 18
146 49
100 13
83 86
46 52
81 9
15 92
88 123
113 21
99 14
66 79
17 155
148 92
55 146
50 82
141 126
73 54
98 82
61 82
131 96
26 120
64 11
24 123
19 62
33 120
91 9
12 144
2 57
82 158
143 117
146 86
30 48
66 75
146 98
93 64
71 121
109 119
139 141
26 107
14 53
106 157
70 2
95 117
61 150
146 107
85 98
150 84
127 123
59 154
128 38
157 22
59 46
78 60
68 133
75 95
34 15
82 140
141 82
45 33
150 119
105 4
92 2
111 2
42 39
128 127
15 155
25 64
20 122
43 40
8 110
7 110
85 124
157 16
120 16
30 125
75 158
3 78
158 70
113 35
110 101
100 9
1 64
32 70
72 41
113 20
7 148
75 13
82 125
139 12
104 75
142 143
35 135
6 112
77 113
97 136
76 112
109 53
1 120
80 68
147 131
78 142
155 116
149 31
137 49
115 26
71 101
105 26
41 129
103 38
19 3
140 73
96 80
43 72
44 118
145 48
141 152
13 58
138 52
42 144
85 76
123 136
21 44
67 88
85 56
107 47
23 24
149 131
43 68
57 28
118 63
115 69
27 116
102 54
29 131
91 37
93 90
67 87
108 92
74 34
48 36
139 130
142 65
106 151
30 153
94 87
82 89
74 132
34 5
114 8
76 51
10 148
89 134
160
28 93
6 16
67 145
157 123
82 84
84 103
39 67
86 54
91 138
153 21
3 44
160 40
45 120
62 99
130 69
130 49
77 82
55 147
72 97
17 104
77 142
38 141
29 37
36 159
132 83
1 76
56 42
38 94
119 18
147 1
50 105
86 70
129 4
22 146
41 3
58 37
123 147
132 75
52 54
79 147
98 16
84 40
148 55
102 47
8 134
29 83
92 17
140 33
113 19
145 82
105 116
26 47
108 125
29 25
13 30
50 110
42 26
46 92
34 49
41 51
65 152
116 137
15 60
70 68
15 61
73 108
84 66
156 6
111 51
134 50
79 17
129 43
68 153
23 21
117 149
115 139
13 11
62 122
102 77
14 90
158 145
133 90
112 51
111 63
72 160
160 80
102 34
122 32
83 153
71 31
38 93
73 23
135 144
80 31
68 122
144 69
132 102
160 143
62 148
46 74
127 35
69 94
106 39
98 110
140 151
89 100
105 39
112 88
149 5
78 7
24 44
135 2
76 27
10 42
41 15
87 57
67 63
36 27
78 59
20 97
14 97
87 37
59 100
154 84
129 113
2 131
121 140
124 41
140 74
18 41
142 155
91 113
39 78
41 120
103 126
75 19
160 30
64 83
136 38
149 140
128 63
66 118
30 9
149 12
96 10
105 127
116 101
94 146
48 33
95 117
10 85
65 35
126 81
53 13
132 107
120 139
46 109
114 66
150 61
85
68 85
20 4
27 20
64 11
59 85
55 33
12 15
41 45
69 28
76 53
12 28
4 21
57 64
19 16
82 45
54 29
53 5
15 36
32 70
51 84
17 83
33 56
62 46
21 11
20 55
66 16
19 10
22 36
46 60
30 42
54 23
51 80
6 20
58 5
22 56
50 1
52 47
32 9
42 62
38 79
52 61
41 24
9 84
68 5
7 3
30 37
23 21
80 13
77 76
68 55
84 5
19 27
10 40
21 26
48 12
17 70
19 67
42 69
9 79
1 58
39 12
78 13
85 25
4 8
23 41
30 74
49 35
61 5
7 49
81 27
3 51
31 75
11 71
18 3
18 14
11 63
77 72
34 30
73 39
2 84
31 13
31 65
43 63
44 62
192
124 145
6 165
59 42
191 128
41 23
12 38
56 140
114 7
7 4
177 90
139 81
39 5
28 4
22 78
190 125
119 62
11 67
181 130
133 137
173 99
14 168
125 169
53 146
41 59
119 8
70 121
46 131
66 120
96 25
62 185
43 48
72 37
176 69
185 98
174 154
79 173
90 163
20 13
91 84
76 107
113 165
4 82
148 119
28 67
107 20
95 54
171 163
48 35
49 90
50 3
15 38
146 21
139 192
186 141
35 164
25 54
21 49
132 54
23 60
158 80
164 91
162 58
92 127
161 184
184 97
153 107
75 61
125 95
72 74
107 11
38 105
52 64
181 17
33 37
24 154
49 22
129 188
135 9
89 180
190 13
77 189
104 143
161 36
124 48
8 44
74 192
97 155
127 77
116 153
83 65
188 103
137 146
152 156
5 175
141 146
76 100
88 49
55 162
58 172
172 177
61 191
101 151
163 129
39 142
74 14
62 77
91 190
127 118
148 100
20 51
151 149
86 134
137 174
31 61
113 150
6 85
62 97
133 4
83 145
64 45
26 32
143 117
188 31
168 98
160 61
148 10
42 125
152 50
122 133
105 111
17 30
126 30
93 31
18 12
176 118
107 80
2 5
176 30
86 90
148 52
142 23
101 184
147 145
178 191
167 61
23 85
121 63
51 68
66 184
112 63
70 128
179 166
145 94
168 26
18 121
50 13
135 175
123 161
71 56
15 183
95 19
186 144
27 173
106 85
159 151
83 87
187 128
122 136
47 122
133 46
118 89
64 115
178 99
138 29
116 56
73 97
1 100
120 117
157 145
179 102
106 102
138 74
36 34
182 133
108 2
2 40
76 109
117 110
123 170
62 57
88 16
93
31 9
56 25
67 19
25 78
46 72
1 49
33 26
44 33
59 88
26 20
67 38
57 64
70 66
66 42
25 44
48 5
76 25
84 49
19 79
38 37
21 39
16 22
5 75
81 70
17 80
63 56
2 24
22 73
14 71
51 39
1 7
2 76
15 1
9 28
33 80
34 61
44 86
35 61
38 50
66 26
23 38
82 64
55 18
9 60
93 64
5 16
43 80
38 30
29 30
83 54
75 66
24 19
84 91
55 65
70 68
31 61
88 68
32 17
8 86
3 42
32 41
81 21
87 40
65 34
12 90
66 72
63 11
17 47
5 58
10 37
32 6
79 13
52 36
1 65
15 90
57 85
80 54
66 45
89 21
71 46
29 53
9 69
13 28
62 82
91 85
46 4
35 52
27 84
76 92
74 83
76 77
40 41
159
27 116
124 112
15 116
119 87
110 51
4 85
51 15
139 36
107 146
58 50
52 66
146 46
151 144
75 71
78 67
66 88
35 129
8 105
124 38
55 3
60 22
5 103
130 115
6 21
137 16
38 140
101 129
33 79
123 76
97 21
146 124
55 42
126 46
46 153
105 85
91 3
92 114
32 156
144 143
143 157
19 130
90 138
55 46
14 16
114 113
23 62
30 132
117 23
51 111
73 62
133 141
107 5
43 6
143 8
45 142
39 46
79 107
98 119
78 136
148 73
13 52
67 111
138 4
24 9
64 34
157 65
81 123
131 152
71 159
1 140
119 26
79 138
28 63
116 58
39 121
35 57
111 133
77 73
8 36
51 89
29 108
89 22
1 2
158 47
106 80
44 87
58 19
153 25
71 80
157 43
24 104
34 156
98 50
26 11
125 5
60 106
86 129
60 112
105 12
143 93
48 66
71 72
69 102
130 76
121 122
141 137
108 78
10 124
114 42
37 117
50 48
124 20
86 154
119 17
147 85
104 85
150 76
53 22
88 32
54 140
24 154
18 27
105 49
56 83
63 104
100 26
115 73
152 104
83 81
7 38
132 159
141 40
132 68
126 45
118 79
31 49
94 16
74 119
115 135
127 147
109 86
45 82
70 140
50 155
134 16
137 61
31 120
2 99
69 57
158 105
137 95
84 37
149 151
117 41
144 128
145 147
63 96
59 9
140
60 112
76 29
63 115
96 66
92 113
47 116
138 117
102 82
115 120
134 124
16 137
97 113
58 32
57 19
41 52
10 77
129 76
70 96
22 100
78 105
135 52
77 134
113 94
30 90
44 72
40 79
98 135
81 14
64 138
101 14
87 18
49 94
44 132
124 132
16 114
88 135
38 57
39 59
36 128
137 14
139 46
38 132
131 109
57 2
74 66
59 118
14 78
118 20
85 100
56 63
41 27
74 41
128 15
86 89
60 36
35 124
11 28
53 140
51 56
5 110
108 74
121 97
81 107
126 8
72 92
94 50
74 9
64 81
59 99
106 137
105 128
78 122
81 2
82 123
127 35
60 110
118 127
134 53
117 56
119 109
100 46
133 7
62 39
93 132
80 2
64 86
132 126
52 7
86 133
82 52
46 97
37 29
127 47
116 119
95 78
103 81
132 129
44 3
54 74
61 39
66 24
90 83
1 91
25 21
136 1
1 127
3 28
27 87
52 55
54 71
111 98
21 59
125 97
26 51
1 43
85 4
90 108
45 73
17 84
76 12
87 69
34 84
104 52
120 84
73 131
20 32
40 77
13 123
122 33
68 52
130 139
67 63
6 23
108 31
104 42
119 23
48 43
123 65
83 75
145
10 14
99 23
67 13
82 57
42 44
105 57
118 35
86 89
121 142
63 117
138 72
129 143
87 66
76 109
95 38
17 40
16 15
40 30
3 11
63 19
65 31
4 40
15 132
92 116
4 138
109 138
107 115
129 134
46 70
140 13
101 117
135 132
61 49
138 123
103 76
30 129
41 24
131 55
63 25
25 59
136 93
145 96
53 140
40 92
106 127
98 53
111 100
49 134
101 44
75 113
37 1
131 40
15 93
134 39
107 139
46 60
36 74
87 28
39 29
72 140
3 88
130 132
139 120
32 109
144 97
122 143
20 88
128 66
81 16
20 116
128 7
23 14
22 4
86 60
125 126
70 7
43 89
115 97
77 134
18 145
23 42
92 130
12 47
9 122
9 114
110 123
84 102
28 27
69 142
87 139
106 54
112 23
134 10
119 42
3 27
90 74
3 125
47 54
58 40
75 29
108 131
145 89
91 18
20 38
111 124
45 134
123 118
105 95
48 40
54 32
90 32
111 96
84 28
91 142
105 79
80 91
133 10
78 112
24 69
8 43
1 121
52 31
103 104
83 108
62 50
52 33
6 12
50 87
31 17
137 35
68 141
51 141
73 92
58 68
77 5
71 41
85 4
2 89
26 77
102 64
132 94
34 97
21 90
104 56
110
90 63
26 38
30 53
66 30
70 20
59 18
78 36
23 60
52 35
49 65
23 90
82 4
104 14
70 40
104 25
66 29
24 99
52 20
55 31
30 87
63 31
13 75
96 103
35 59
101 110
107 84
12 53
39 46
17 62
87 84
66 36
3 56
5 7
18 38
53 44
32 15
68 36
10 87
50 108
99 9
47 34
25 71
107 18
44 96
98 52
108 46
6 86
109 8
42 41
74 72
58 77
2 77
100 102
95 38
94 103
88 57
4 78
75 83
102 10
83 46
83 22
90 85
46 27
69 9
71 23
110 39
88 50
62 106
37 94
43 98
70 50
55 101
72 107
58 29
99 84
60 15
90 28
58 80
70 11
73 35
24 51
27 42
64 105
86 43
17 52
11 45
103 67
56 15
81 104
91 62
50 65
105 7
10 19
92 30
28 1
79 11
60 64
97 75
65 89
34 29
93 58
51 54
76 51
48 85
47 21
8 3
16 29
109 33
8 61
85
17 12
56 7
33 65
49 66
18 82
82 11
42 24
84 54
76 28
33 54
43 85
47 22
13 79
36 55
61 36
24 65
37 27
58 30
53 77
8 45
80 46
79 2
43 5
2 11
8 69
42 78
49 74
33 43
56 74
20 81
75 30
27 38
74 62
52 44
62 76
65 26
69 42
36 25
41 56
6 70
4 14
45 41
4 32
43 44
67 79
22 64
38 66
68 81
37 19
64 57
22 44
49 29
65 51
72 8
52 9
67 42
10 33
65 73
30 26
9 12
75 6
3 42
77 85
71 64
20 53
34 5
14 68
22 46
16 63
21 69
61 81
31 39
29 40
55 48
84 50
83 40
60 28
79 1
39 7
81 63
35 43
48 59
5 23
81 15
214
70 191
205 22
168 66
94 62
90 207
133 22
211 192
17 161
21 23
4 93
89 37
119 105
164 99
91 197
61 192
112 58
102 4
158 143
165 170
63 31
179 101
128 135
42 146
8 132
203 147
122 23
41 90
37 202
176 179
2 155
152 97
15 91
74 179
117 59
177 31
19 179
76 115
124 179
16 17
136 77
90 51
178 140
152 104
56 182
131 90
74 40
42 92
179 202
42 165
57 94
1 32
164 196
193 175
27 167
170 168
137 160
140 49
192 44
112 92
125 200
7 207
197 14
29 139
27 210
99 75
59 99
185 157
12 71
38 35
115 26
213 134
74 163
165 135
194 200
159 35
189 7
94 102
42 142
46 81
68 100
173 159
171 16
18 167
80 116
4 90
62 92
86 176
50 188
192 152
115 138
71 146
46 5
48 62
126 125
113 82
68 146
74 109
204 112
150 134
6 208
177 192
176 198
72 50
76 27
129 143
80 61
207 200
119 204
186 149
158 71
74 11
74 66
82 197
84 10
30 89
17 58
200 3
60 134
174 107
212 109
160 113
14 179
147 155
62 195
151 134
83 2
159 180
66 1
53 214
114 170
101 97
27 174
209 162
206 134
157 190
26 150
203 22
117 104
43 12
36 100
20 18
135 69
103 62
19 172
202 84
2 63
204 56
189 38
4 149
34 117
96 54
33 94
163 151
120 82
181 51
6 117
120 183
150 156
162 81
86 190
53 98
188 124
178 168
168 199
65 163
72 141
38 23
185 79
167 214
5 197
110 149
141 28
52 59
88 22
187 22
181 73
70 123
47 36
144 210
118 189
80 77
153 173
148 9
186 108
7 169
139 134
134 166
68 39
146 24
148 20
197 127
171 87
78 125
29 67
191 173
94 154
145 193
77 106
127 184
3 13
183 54
88 145
105 201
122 8
136 130
85 74
45 102
66 95
131 64
206 55
121 28
109 25
118 111
137
94 34
55 124
6 22
41 9
128 88
104 83
106 2
73 60
11 126
19 63
107 28
136 25
100 12
38 1
126 52
7 128
92 131
120 42
107 93
85 117
86 135
37 91
41 116
87 7
90 51
38 11
99 105
130 14
28 29
126 86
36 58
8 110
99 64
62 57
59 99
124 61
102 25
87 46
69 11
131 122
21 36
80 77
52 84
85 25
52 103
109 45
48 107
62 32
14 42
104 118
16 106
59 10
9 64
33 19
22 28
105 28
20 30
103 78
31 137
43 66
7 115
5 79
44 82
122 63
99 44
120 18
77 125
51 43
65 125
68 57
5 18
114 3
135 14
85 60
86 54
29 56
80 68
23 56
74 83
85 26
9 135
37 136
5 83
40 31
19 23
119 104
118 123
72 77
3 49
137 12
87 134
92 2
65 126
87 23
106 27
27 15
30 31
71 123
75 38
111 25
15 4
121 38
44 81
117 79
119 43
95 71
13 137
122 17
15 96
39 126
46 109
11 113
55 36
129 119
120 101
20 128
108 119
8 120
35 60
94 102
55 132
15 124
65 133
53 129
132 127
47 63
118 67
10 97
98 17
12 70
69 50
21 112
89 100
119 49
82 76
24 56
175
31 66
2 38
163 117
89 76
143 166
142 47
118 104
166 157
165 59
165 127
173 82
60 134
172 57
139 79
117 24
137 77
71 147
23 66
64 163
93 49
147 129
175 21
132 1
123 38
45 57
116 170
160 102
132 146
5 115
108 112
148 42
57 127
60 9
160 148
87 5
170 122
57 110
94 137
168 9
107 27
122 136
166 170
146 29
67 73
118 166
76 34
116 9
107 74
127 34
87 171
95 108
139 109
118 31
120 19
126 156
101 121
69 100
131 159
161 32
67 21
56 123
156 142
113 144
60 90
65 5
15 46
11 104
145 112
145 75
47 111
160 64
131 148
47 149
155 97
127 30
124 163
70 3
102 94
134 173
89 105
27 134
35 40
64 79
155 171
132 11
156 122
144 175
159 21
45 170
149 138
41 142
96 65
81 9
1 169
43 119
7 164
48 143
5 48
170 46
125 69
117 122
123 13
73 63
68 72
84 34
39 147
2 141
89 167
71 10
54 18
171 69
134 162
154 71
77 32
49 140
169 174
135 87
95 124
5 129
33 162
86 162
90 40
164 69
37 52
53 173
55 33
164 62
101 1
36 122
140 64
2 128
2 148
121 68
80 82
91 38
85 28
107 51
85 143
101 78
52 42
130 151
63 54
125 99
90 20
40 43
152 37
158 142
159 153
62 98
16 24
167 114
168 50
120 117
63 103
25 33
17 35
26 120
167 151
6 42
22 79
92 170
141 133
81 3
36 150
81 61
14 113
83 102
44 117
88 55
8 116
57 12
68 106
43 58
114 4
224
28 44
178 137
41 156
14 36
178 190
64 55
223 93
116 63
67 14
142 185
101 206
211 192
137 85
128 139
67 8
200 39
126 58
195 67
185 166
168 77
212 72
216 140
86 149
216 94
110 174
169 64
36 204
40 137
128 203
51 159
93 92
160 187
180 58
176 80
132 97
52 123
66 96
78 190
86 170
20 95
75 42
90 162
187 142
223 213
99 49
52 106
30 102
168 20
82 88
3 8
90 166
46 106
100 96
49 136
112 220
71 44
80 107
120 88
25 190
173 217
83 123
216 131
22 153
124 48
99 34
167 207
109 73
68 152
33 41
33 22
90 30
130 45
58 65
103 198
74 89
152 174
148 27
115 24
37 154
179 67
63 34
58 79
76 78
117 168
84 99
202 198
173 71
193 18
150 48
203 180
191 40
182 163
166 13
125 77
76 125
223 12
48 183
201 149
132 92
128 146
106 154
73 92
214 198
187 157
3 37
219 149
72 61
184 87
48 138
77 212
113 15
104 175
205 203
17 109
52 50
123 22
100 87
108 62
4 190
114 76
211 117
39 140
137 152
128 17
84 154
11 197
189 44
168 46
84 161
202 175
159 143
146 46
178 172
91 134
161 24
43 197
194 34
130 74
121 71
43 16
139 217
21 150
206 44
80 12
203 164
62 64
111 174
164 220
1 104
35 52
216 192
210 129
62 65
72 91
205 170
98 74
23 190
107 38
54 72
145 180
174 13
60 131
174 105
130 11
142 7
43 198
145 42
198 148
15 48
177 186
110 181
187 198
89 199
112 56
4 135
201 151
212 222
190 196
177 56
31 124
25 221
6 163
174 10
165 219
150 118
177 158
184 123
224 214
183 3
3 70
204 69
53 3
46 88
120 122
18 33
9 179
98 2
164 127
143 70
148 29
32 201
47 126
220 218
207 5
210 152
155 115
167 51
208 149
59 200
175 188
176 215
131 163
190 133
119 99
81 194
138 209
85 19
147 24
141 113
144 76
26 196
57 59
171 223
237
100 171
124 71
87 79
106 129
180 5
218 158
63 188
157 166
125 41
156 35
1 217
193 153
46 161
74 137
42 197
95 113
3 157
55 1
24 116
173 52
160 25
72 149
201 207
214 223
46 159
166 190
16 81
67 215
110 67
214 128
215 166
124 175
208 222
151 46
12 49
113 119
16 9
149 6
204 157
149 230
45 71
49 125
213 220
200 191
228 148
111 3
158 10
52 13
145 9
127 119
179 11
119 185
34 94
81 8
7 42
113 33
162 208
157 1
174 14
138 53
11 141
92 13
14 115
2 10
163 116
200 149
113 153
222 170
165 86
156 216
120 61
185 103
41 86
110 151
201 155
97 171
61 210
187 12
10 141
201 151
157 104
10 127
122 100
100 204
53 160
121 72
170 67
226 114
157 126
175 173
58 218
76 78
44 75
171 62
76 116
72 126
167 198
163 171
27 224
191 125
173 236
125 144
11 146
216 218
55 59
205 190
20 176
117 191
216 225
91 94
80 81
51 45
44 79
129 125
69 57
186 192
188 11
128 56
39 102
156 152
191 206
91 209
184 54
36 47
152 117
183 150
155 65
83 126
64 201
50 110
75 143
191 175
167 219
27 107
8 11
110 226
212 148
10 94
193 108
163 48
132 210
159 98
18 39
123 103
120 19
68 42
84 21
68 232
121 69
118 159
219 176
4 111
177 105
165 27
84 121
235 223
160 62
196 39
156 37
12 195
182 65
136 67
103 168
107 40
155 237
25 38
149 26
73 176
96 42
120 9
140 98
2 105
184 68
189 148
87 159
203 226
184 234
196 10
77 136
222 178
198 146
223 172
169 176
112 234
181 95
89 99
5 113
130 192
36 230
93 202
74 86
60 62
101 214
147 198
115 237
104 7
10 150
194 9
211 113
21 186
150 139
30 172
202 17
235 44
30 135
82 83
41 28
140 233
175 202
202 154
89 144
80 43
228 89
66 17
170 85
174 90
150 109
164 217
208 227
107 229
213 103
213 133
31 216
191 32
131 104
191 199
70 124
22 175
23 193
211 15
33 134
221 186
88 68
231 131
154 142
15 29
119
85 36
89 49
52 89
110 106
114 68
46 64
61 46
95 45
82 92
89 40
106 103
66 60
67 118
28 46
53 36
29 52
2 14
83 1
39 114
30 74
102 88
101 62
97 80
44 82
55 22
29 24
31 29
21 78
72 59
20 40
115 100
22 53
5 90
82 89
12 1
90 7
40 30
87 27
114 92
29 102
17 21
108 31
7 26
92 46
85 59
42 4
61 51
81 97
88 9
65 106
50 98
54 32
57 108
71 39
115 22
28 33
65 74
47 23
84 97
50 52
70 17
118 114
32 102
86 39
45 78
23 71
64 37
42 43
119 106
48 36
41 96
22 54
105 20
3 103
66 28
58 53
42 101
93 107
53 1
5 67
74 15
101 106
45 10
82 112
102 116
63 18
5 34
35 34
11 7
25 34
119 6
79 96
109 61
39 107
19 22
83 70
56 72
63 82
113 103
117 64
96 19
111 3
104 55
10 8
44 99
81 26
111 73
25 94
19 2
69 2
74 77
75 22
91 77
76 81
47 27
16 119
13 76
115 38
162
109 74
54 9
109 139
31 134
116 17
121 88
148 122
111 9
36 104
113 55
137 162
104 110
87 21
73 88
156 139
120 24
66 22
102 122
57 141
152 16
1 136
19 127
76 149
39 120
115 64
11 6
109 112
94 142
49 104
153 9
109 26
112 71
55 95
27 122
49 16
42 107
98 3
89 116
5 46
100 78
39 30
38 65
126 92
29 83
46 49
32 114
25 149
61 66
33 6
116 58
98 126
36 43
2 13
69 140
66 162
27 83
147 21
22 35
152 126
125 3
40 101
136 146
71 61
87 137
147 124
7 110
49 31
52 123
51 85
146 155
139 70
80 1
40 128
144 120
100 133
14 53
29 42
150 89
57 35
120 29
16 25
95 4
59 9
160 61
30 9
20 4
104 27
121 66
89 136
113 34
138 113
126 6
20 111
140 14
10 4
50 117
89 160
40 58
157 61
101 120
143 32
142 155
98 130
3 96
141 86
145 40
129 81
158 63
62 82
67 17
118 79
121 140
89 91
106 54
71 135
117 141
79 5
104 127
15 21
131 134
56 159
29 44
41 120
61 63
37 125
105 161
32 128
77 134
135 151
161 108
138 133
55 48
28 86
159 10
28 64
13 14
26 18
127 103
105 21
68 69
125 47
70 97
82 115
22 72
4 60
90 28
81 112
122 123
119 40
23 142
1 99
12 28
84 149
8 110
85 55
75 74
29 93
65 11
40 154
10 45
77 132
110
91 45
32 80
22 84
88 52
22 33
40 95
97 64
45 14
33 97
26 86
106 51
53 38
34 99
91 49
50 24
97 30
42 68
10 28
79 78
92 28
37 53
109 49
102 52
50 107
16 107
25 61
48 31
40 71
97 76
26 95
100 82
51 49
92 72
53 7
93 12
100 58
2 100
69 55
64 86
44 1
31 104
88 3
87 58
74 53
26 102
31 8
5 21
94 83
60 98
43 49
107 44
72 51
104 43
110 25
20 94
96 5
55 4
76 44
40 75
1 53
74 85
93 5
93 66
35 68
4 25
79 76
32 83
60 45
83 4
49 13
72 75
12 23
94 84
87 67
40 18
12 39
90 82
80 70
82 86
90 39
73 45
102 15
101 62
75 27
23 65
103 109
56 31
31 19
35 60
11 85
41 26
89 37
77 23
100 34
78 63
81 110
105 9
29 11
76 59
101 93
57 67
20 17
105 54
36 56
73 46
99 54
47 79
75 6
79 108
60
37 42
15 53
37 31
17 51
24 13
40 28
42 51
37 35
59 20
5 57
5 17
43 35
4 15
36 33
24 56
40 35
59 47
14 42
57 47
22 21
8 56
13 57
54 45
44 8
49 33
11 20
19 29
32 53
45 20
53 48
10 54
9 46
50 28
33 35
57 15
9 12
26 55
3 60
56 52
24 30
29 25
5 58
16 25
6 41
23 38
43 19
46 49
50 7
34 43
32 26
8 6
39 35
38 41
29 2
22 33
33 3
17 27
1 56
18 17
221
213 3
221 94
14 15
28 202
17 84
206 56
161 88
184 152
86 221
103 81
134 179
152 107
213 123
63 60
194 127
113 189
27 53
162 149
29 109
84 23
24 95
198 1
92 37
173 87
145 101
141 210
186 149
142 85
12 113
173 33
207 175
49 152
85 210
159 79
65 126
170 135
160 220
37 212
20 18
108 42
21 6
103 144
172 175
44 50
11 53
44 91
175 143
163 135
45 160
84 49
27 181
118 60
8 218
30 144
165 101
84 138
117 86
45 96
170 102
139 217
29 131
209 86
146 208
165 49
129 93
78 31
100 150
133 188
202 21
164 35
37 120
91 208
88 112
198 38
38 184
183 116
81 182
112 74
40 138
51 135
198 158
119 117
38 31
109 67
80 200
180 74
128 212
205 217
190 115
76 165
93 96
17 55
61 199
162 143
219 147
63 191
124 27
100 221
58 117
179 87
11 8
1 216
196 90
11 18
66 141
60 34
114 119
221 7
102 201
2 189
171 16
46 110
47 107
127 138
143 48
82 190
103 23
123 184
154 191
195 57
70 167
21 88
180 50
144 159
62 74
106 95
174 124
198 197
23 118
96 8
173 153
24 103
1 71
19 91
71 4
118 43
42 62
217 18
100 73
85 100
91 166
111 131
62 183
65 187
177 123
110 91
164 199
217 209
54 161
155 194
116 107
36 140
115 129
56 11
117 40
190 148
87 161
130 13
12 119
153 67
39 15
57 59
108 128
167 131
6 59
213 135
204 60
140 42
217 122
172 206
36 64
99 133
71 133
196 100
105 165
70 214
102 65
121 124
6 61
196 75
26 17
130 213
168 81
53 68
79 52
185 215
114 22
80 100
143 203
52 176
97 82
25 192
178 211
178 110
139 147
198 5
157 43
98 104
45 125
25 197
87 104
20 32
168 185
69 20
136 112
69 137
193 26
132 46
89 210
156 25
41 110
124 72
175 15
77 202
114 169
171 117
81 83
9 100
151 38
216 10
192
64 40
38 60
121 40
149 139
100 121
159 184
120 86
151 99
60 95
20 36
107 115
83 102
173 85
161 128
133 160
130 179
191 182
63 10
128 55
110 7
46 149
90 136
84 117
27 186
22 48
113 17
63 97
164 81
137 181
129 91
32 5
105 126
143 147
126 19
151 98
123 67
131 82
183 13
59 83
118 112
156 18
131 20
150 11
2 95
15 184
147 105
27 46
115 76
139 102
152 155
178 121
140 38
155 51
48 164
177 64
182 27
46 154
182 42
155 91
174 59
120 63
149 169
17 138
7 86
89 49
68 184
113 189
92 175
8 156
62 187
144 138
140 187
87 120
36 54
185 68
180 64
149 136
152 39
74 56
122 16
159 182
140 185
103 126
192 33
103 13
84 136
140 165
111 121
66 166
178 127
184 10
43 80
140 157
55 25
38 58
160 174
164 19
58 152
125 71
24 116
94 83
187 78
176 72
53 50
104 44
106 49
11 82
154 148
68 82
78 172
167 91
135 19
91 158
5 174
1 20
167 49
18 142
44 109
125 12
90 53
56 173
40 49
37 182
30 181
80 142
146 54
67 2
188 183
144 54
114 182
71 7
143 187
52 24
28 13
190 37
3 183
162 157
173 22
181 46
115 35
166 163
93 15
157 52
129 8
170 32
167 109
119 123
69 166
177 25
115 144
118 191
69 161
63 171
8 31
99 71
92 99
50 4
23 97
175 65
157 122
29 180
34 157
164 57
9 113
70 135
101 124
161 45
63 145
132 105
41 105
168 80
162 79
157 77
61 44
167 26
22 88
129 130
192 188
75 62
62 21
47 163
134 83
14 68
124 17
108 124
1 176
96 82
73 44
118 141
6 187
83 153
66
23 27
54 5
31 54
41 61
19 8
9 30
46 41
38 57
19 37
59 42
45 54
19 30
25 12
45 2
53 48
33 1
3 38
52 42
27 66
7 16
29 59
20 65
41 24
48 17
35 59
60 1
5 33
10 60
49 13
8 35
38 53
35 48
28 22
58 16
52 20
50 22
63 25
22 39
66 65
49 39
10 16
57 33
12 54
6 38
32 2
32 49
41 30
15 11
5 62
62 55
23 11
21 28
36 37
28 56
47 46
64 27
17 26
18 46
10 44
43 23
36 4
25 40
43 34
24 14
54 51
183
76 10
174 166
87 122
128 9
155 30
30 127
65 158
50 74
61 116
144 89
116 171
59 46
48 79
169 65
57 141
127 32
72 113
108 82
10 180
171 27
31 91
148 168
99 27
88 152
148 158
53 62
39 149
105 44
135 165
103 166
71 26
151 42
124 20
183 49
132 25
61 95
2 108
167 132
126 152
80 58
167 77
137 98
68 182
26 158
163 61
142 143
54 97
108 100
114 36
29 88
22 143
99 111
77 30
115 57
173 58
139 148
117 58
130 89
33 48
168 19
147 37
175 94
157 51
26 142
60 44
133 76
152 58
22 138
178 158
104 62
45 16
160 113
151 31
21 97
169 136
141 135
130 10
109 32
139 120
142 9
164 43
167 116
63 67
175 32
62 2
93 61
72 162
15 174
93 81
111 141
105 33
43 68
110 72
15 161
134 131
18 43
169 70
50 99
123 47
9 23
69 123
2 110
59 117
101 13
63 37
45 33
150 28
115 149
8 180
31 23
5 128
108 88
115 118
176 129
77 89
66 37
162 76
101 128
68 147
79 23
20 18
104 48
159 154
156 136
58 47
89 52
86 159
28 67
166 38
7 61
28 97
130 56
73 105
29 103
97 46
160 170
139 106
64 86
87 179
52 51
58 41
159 49
173 179
57 34
182 40
183 137
146 178
125 47
14 52
126 107
125 119
53 86
49 3
4 143
172 72
40 11
46 1
56 17
86 129
12 114
6 34
68 75
90 105
78 103
157 153
140 75
109 85
99 35
11 12
145 168
102 79
121 70
96 129
72 131
27 92
32 24
83 38
11 181
55 158
112 79
84 85
39 177
223
110 162
147 124
198 191
17 83
182 219
67 101
205 26
61 211
39 67
203 149
12 105
37 60
50 161
174 193
107 113
90 95
21 165
119 46
162 95
27 26
95 75
19 13
68 109
170 181
184 47
142 32
146 35
94 212
207 171
172 70
189 54
123 83
179 138
34 205
93 12
192 14
202 4
20 116
180 203
207 102
206 54
36 5
140 34
65 213
197 217
38 152
179 81
100 174
33 1
79 1
90 66
56 49
215 2
33 32
136 61
204 160
78 189
28 141
166 157
98 182
35 18
20 16
3 50
166 134
32 85
104 221
182 164
179 132
1 35
138 140
87 41
103 11
182 20
171 86
106 128
169 194
86 117
139 8
80 62
73 83
99 36
118 58
167 221
102 193
47 31
212 44
43 24
123 139
109 165
89 12
134 97
105 33
168 86
25 8
39 166
50 130
24 114
128 17
65 142
23 35
16 53
118 133
87 22
76 178
83 79
81 7
212 55
210 37
31 8
208 66
144 126
21 150
154 49
1 84
114 50
133 100
169 151
71 217
117 83
137 63
120 63
58 170
157 3
58 122
81 163
24 23
48 102
216 42
70 121
36 220
75 49
215 161
191 175
212 110
136 40
16 6
29 164
59 31
119 8
154 202
83 40
78 201
10 28
198 58
13 157
215 137
33 90
31 42
19 57
112 125
11 193
4 80
111 63
126 170
132 116
132 36
177 109
140 101
149 5
208 201
209 18
107 82
68 67
125 27
9 12
98 222
77 96
10 9
175 91
22 128
75 194
104 97
51 116
195 139
92 199
45 196
60 124
21 127
158 113
204 61
143 136
198 131
145 53
74 46
178 43
95 69
221 45
101 217
185 68
17 113
14 120
60 181
146 115
135 118
84 121
80 129
195 15
217 176
194 214
55 72
71 96
218 50
153 125
166 173
186 133
30 113
132 148
85 187
64 86
52 81
129 92
223 2
119 38
88 188
38 190
218 200
166 183
188 111
159 217
155 67
156 150
159 108
230
64 194
149 45
179 45
71 144
148 49
222 83
23 94
11 195
217 40
4 74
191 59
15 154
189 172
200 197
130 191
101 188
219 115
124 177
178 95
161 165
200 191
16 35
108 25
223 208
211 19
21 181
67 134
154 20
104 195
160 14
138 202
119 111
132 22
104 99
121 117
222 225
5 29
117 139
110 194
18 99
25 96
212 158
225 192
94 181
197 94
50 102
78 152
141 124
79 59
203 109
201 132
117 199
49 164
120 192
25 130
191 35
124 49
120 55
89 93
66 160
187 207
40 113
70 217
26 174
218 187
35 217
79 207
181 174
62 175
1 103
72 101
78 44
108 77
24 79
203 71
224 34
220 77
72 155
18 3
168 204
1 125
109 59
194 116
172 140
90 134
166 1
147 83
155 146
18 151
62 188
88 198
168 133
169 22
189 173
159 158
65 134
36 125
12 227
97 100
25 208
28 126
216 35
125 131
192 60
154 34
194 52
213 180
162 11
129 60
54 221
96 128
147 1
20 144
173 118
118 147
151 211
37 77
119 130
190 18
54 71
65 27
60 190
133 227
125 136
229 60
119 215
84 53
187 85
28 30
169 221
204 82
101 8
195 28
93 230
168 188
58 15
14 122
153 207
69 60
124 84
103 116
75 222
80 159
44 143
195 150
99 119
170 116
177 157
135 153
226 26
65 66
46 116
169 62
31 130
76 6
10 104
80 210
121 48
212 137
151 89
43 83
217 145
56 166
76 69
47 159
184 142
135 106
51 42
14 213
152 84
9 20
163 73
111 186
182 149
101 143
206 119
85 159
80 65
163 118
87 77
165 99
11 198
168 123
96 149
139 95
121 180
76 193
115 155
142 72
102 23
219 202
176 130
207 4
38 67
208 214
209 173
98 5
208 13
2 189
39 203
42 25
68 135
186 92
38 196
107 39
112 29
228 1
97 2
131 156
167 215
116 105
17 63
57 1
172 61
171 45
119 127
185 194
38 33
91 167
7 187
5 53
32 197
202 41
41 183
3 81
114 201
113 63
137 86
205 115
245
120 179
120 98
242 46
179 72
160 186
134 79
16 32
6 8
66 74
171 159
127 171
61 118
69 50
104 111
208 173
193 69
45 167
40 240
48 182
163 236
52 104
140 216
123 22
243 192
77 141
231 68
97 49
4 33
81 8
225 44
69 174
84 5
95 10
96 142
71 145
153 9
237 121
225 39
102 26
169 38
170 92
51 183
226 24
151 68
148 172
155 57
79 37
176 24
145 9
108 114
245 159
58 29
225 83
123 126
224 211
235 24
100 79
1 134
165 16
142 169
82 165
96 179
154 95
20 16
242 232
227 245
146 27
236 137
135 38
72 94
141 157
181 37
164 173
123 111
122 239
18 145
41 100
217 245
151 131
161 179
117 94
195 4
43 19
16 209
58 65
147 230
110 210
50 226
10 93
171 144
230 49
204 182
243 196
136 216
120 129
92 13
169 97
206 89
155 26
134 81
15 167
63 49
61 181
195 115
150 144
173 241
232 51
57 188
69 219
215 136
2 95
200 183
26 42
244 49
201 68
179 239
22 89
82 184
105 49
180 141
85 183
168 54
213 66
135 128
178 3
193 51
125 132
170 18
4 236
103 92
193 184
175 241
103 115
55 108
228 144
176 116
161 205
241 238
104 64
185 85
133 203
203 92
15 199
126 79
78 94
186 35
110 8
41 83
156 131
102 6
141 217
106 198
123 108
3 78
113 209
102 30
169 152
50 240
81 153
236 124
159 132
139 185
75 51
99 233
75 231
47 228
166 97
16 66
114 162
238 112
102 15
109 34
171 212
2 84
221 107
50 1
245 168
140 206
120 145
14 85
162 241
85 228
233 59
173 198
234 130
33 99
112 119
23 94
33 2
182 185
73 80
6 149
82 53
224 68
187 98
35 213
216 11
191 227
152 207
178 29
9 158
226 237
40 31
19 63
117 218
48 223
90 189
211 27
97 196
222 240
82 62
214 201
26 36
115 21
29 197
76 239
221 182
154 148
242 194
83 91
234 136
113 7
147 177
168 34
60 220
17 155
194 12
9 90
80 88
28 113
202 198
104 80
56 50
50 101
25 110
143 28
235 67
96 220
134 86
87 30
70 50
229 158
133 190
138 90
238
2 153
126 224
148 31
238 31
63 40
77 76
193 22
25 23
227 8
9 1
210 17
215 59
53 129
218 30
42 195
198 106
152 153
200 89
206 203
137 120
197 53
64 95
175 125
2 99
179 46
20 114
99 236
165 41
238 219
126 5
58 214
78 189
202 70
103 156
176 167
167 126
25 134
234 40
166 224
196 8
74 119
203 28
159 45
41 187
189 147
46 224
136 92
28 176
180 148
33 24
79 40
104 13
189 36
111 229
221 88
176 82
136 47
100 46
165 158
68 29
104 203
90 179
87 89
186 63
103 30
45 79
71 84
156 181
32 137
129 136
211 21
85 229
12 135
179 79
92 213
36 13
108 160
178 50
68 57
10 121
78 56
129 89
171 222
109 64
220 119
182 83
171 208
94 17
69 236
208 54
48 97
215 202
38 83
126 105
139 226
141 199
211 61
182 52
141 147
200 199
199 72
226 85
73 131
210 137
163 202
71 160
88 236
175 174
215 233
169 160
133 41
189 91
151 153
31 132
227 216
170 219
35 135
229 122
30 173
182 198
138 112
225 27
43 139
179 10
66 197
141 124
116 30
115 125
8 11
121 67
138 134
163 91
17 221
235 149
55 192
173 33
38 24
225 195
208 15
80 58
188 189
111 1
224 212
132 152
82 107
48 116
50 81
146 7
222 120
81 118
56 193
137 42
223 217
205 43
224 118
146 161
24 66
72 146
23 170
174 130
142 23
1 80
209 202
232 81
75 30
179 184
165 105
19 132
230 108
126 49
194 231
114 107
178 134
84 237
135 155
147 130
10 74
50 162
18 19
32 93
226 150
72 143
201 122
85 86
37 84
154 143
145 179
122 14
65 143
155 228
74 110
155 7
68 110
139 112
181 73
120 60
202 62
238 128
77 27
217 167
61 167
97 207
19 71
97 64
44 38
39 36
148 140
190 125
8 207
136 149
213 98
221 204
117 235
85 102
98 16
183 90
165 127
113 156
185 201
159 194
26 205
168 99
172 58
101 145
4 164
129 3
144 234
44 34
33 4
191 170
6 20
51 73
130 55
96 216
157 128
150 177
89 123
167
75 85
32 43
128 160
96 30
157 58
129 148
164 51
79 152
123 138
18 74
39 15
148 108
130 35
161 108
100 14
47 3
21 141
86 9
73 50
90 121
134 59
132 130
48 92
82 43
73 88
24 38
155 56
101 83
16 21
21 100
90 123
61 128
19 124
71 20
70 32
132 33
150 98
20 83
156 157
43 103
41 73
87 4
112 87
137 69
96 118
11 16
9 103
19 126
68 77
92 100
146 123
2 146
22 44
59 44
21 38
135 41
88 35
135 6
5 124
82 49
53 129
110 51
145 98
60 136
83 142
110 152
164 72
33 131
116 117
71 65
119 67
103 8
94 70
95 132
88 125
32 109
112 103
136 158
52 135
46 27
41 26
96 127
102 88
141 88
148 165
67 143
98 125
89 122
157 23
106 49
149 11
36 12
140 148
84 88
117 25
124 102
85 65
40 130
122 92
76 130
95 63
150 80
113 13
4 39
31 109
148 101
41 163
22 57
25 13
60 93
145 29
56 3
26 134
82 145
12 2
55 152
157 67
29 54
132 140
68 149
66 43
144 87
2 109
78 159
11 56
74 66
29 156
127 83
45 138
59 79
147 107
113 125
97 70
52 91
76 167
145 78
66 137
10 40
119 120
29 1
27 79
70 115
125 99
62 11
100 136
80 128
147 118
162 110
67 133
17 92
30 166
49 42
34 123
64 142
117 114
87 37
49 104
139 131
111 49
154 73
140 105
148 151
162 153
81 102
101 28
139 7
113
46 62
86 99
38 25
95 73
63 84
7 30
26 66
42 101
21 48
66 83
96 65
55 51
25 96
98 90
82 62
12 33
18 47
33 90
78 105
35 77
2 53
3 27
40 91
79 13
81 96
89 55
9 25
110 109
108 36
92 62
45 89
68 96
94 101
59 72
5 27
5 79
42 110
74 1
20 87
8 32
73 64
92 108
29 65
82 81
16 102
1 26
65 13
4 22
70 52
42 13
26 78
65 56
47 31
60 98
107 34
40 113
22 14
113 79
23 47
106 28
44 2
85 98
14 105
103 93
36 18
37 86
50 26
43 94
23 83
48 52
13 7
111 76
15 18
19 112
13 16
58 64
44 91
76 73
19 53
43 77
12 7
72 50
103 30
86 34
56 88
16 89
46 32
29 24
111 89
69 63
100 5
80 32
104 39
37 105
49 65
67 22
17 14
60 84
61 69
42 6
2 48
54 103
87 71
49 75
92 39
28 75
71 46
47 10
97 61
59 11
91 57
63 41
145
108 56
94 20
94 96
64 39
144 77
33 104
11 70
144 87
21 97
86 32
138 39
82 16
16 18
83 76
140 86
114 135
127 55
102 111
129 88
70 105
74 139
122 132
65 115
109 145
93 22
39 128
140 59
64 86
125 110
34 98
132 36
54 73
36 68
79 9
104 89
70 122
140 29
45 84
69 105
116 69
65 43
7 28
132 130
68 72
29 34
6 73
59 121
73 79
128 13
26 28
66 98
142 114
11 133
136 117
134 35
66 63
52 98
10 138
40 38
135 98
55 131
89 117
91 7
67 47
77 90
22 80
44 132
55 48
32 74
55 3
5 46
138 19
92 103
104 78
13 28
66 60
111 9
78 73
106 30
35 2
23 52
78 44
104 48
140 14
72 56
40 117
130 91
22 112
63 115
31 85
95 106
76 73
90 103
50 118
81 16
90 18
38 49
75 84
8 92
27 24
2 137
37 101
109 38
120 36
113 144
122 42
52 46
35 73
54 94
71 27
126 40
115 71
41 72
24 17
40 101
15 139
1 83
119 112
60 62
89 95
7 61
67 107
40 113
71 123
39 124
50 86
22 60
43 45
112 143
97 87
129 32
137 57
12 2
30 31
107 24
38 125
37 4
141 142
9 53
100 23
98 25
99 3
136 58
51 15
74
39 24
74 14
39 40
23 24
48 1
27 71
73 59
23 65
41 50
60 72
39 21
24 41
54 49
72 13
19 13
7 45
44 40
47 65
26 47
25 34
57 9
21 43
36 55
61 54
39 37
21 73
6 9
41 45
53 60
38 35
54 10
44 30
35 70
72 50
65 70
27 60
36 44
52 17
14 9
51 45
22 54
50 3
23 48
5 27
14 46
50 17
5 64
32 67
29 60
42 24
41 66
25 3
68 7
46 67
56 28
16 64
63 66
4 41
67 51
28 70
61 33
33 59
31 64
62 5
33 69
48 8
48 20
18 9
58 68
2 21
20 15
9 11
12 25
127
119 68
56 99
37 82
124 24
60 10
127 99
113 33
66 64
53 123
67 108
93 7
28 8
42 6
16 117
16 50
47 111
41 115
11 58
59 89
95 100
1 95
126 22
65 33
118 10
30 76
39 100
98 94
45 24
107 19
124 111
83 124
97 91
118 21
83 84
47 31
61 94
123 84
94 113
52 8
111 52
62 9
113 64
101 122
13 9
23 55
17 98
85 86
124 41
84 46
73 33
122 119
65 4
66 12
39 91
59 37
33 11
106 96
68 106
9 121
52 39
90 27
92 10
57 108
103 41
19 103
27 28
104 52
83 116
57 95
117 76
56 53
40 62
123 119
19 58
12 76
38 39
101 79
105 3
54 14
103 34
59 19
89 26
4 81
77 100
59 80
41 74
120 36
18 40
60 35
83 29
69 34
123 125
118 8
12 3
57 70
73 112
18 4
61 36
87 102
93 126
110 32
69 55
57 78
13 63
110 2
126 100
75 36
61 71
76 42
124 114
39 44
17 25
98 32
88 64
46 43
48 67
109 101
14 105
6 51
51 87
100 49
53 15
5 95
86 4
53 20
21 72
249
158 217
66 58
80 195
44 175
238 7
194 6
58 90
241 91
94 214
102 59
132 224
163 200
41 19
57 13
245 166
95 176
35 74
52 59
43 205
16 211
104 4
9 78
188 123
87 33
179 176
234 4
16 52
71 183
113 89
25 30
184 192
83 165
44 21
232 211
132 50
242 44
36 92
9 160
43 206
219 56
152 119
173 179
125 23
43 60
22 8
104 116
32 80
163 171
138 85
57 109
65 200
46 189
12 222
222 96
17 63
100 13
205 19
79 117
180 216
243 37
14 222
160 7
239 134
129 48
9 99
196 208
166 39
87 148
34 176
155 194
102 55
126 223
229 113
103 84
180 67
1 248
31 190
190 107
48 89
46 4
206 58
23 143
46 129
157 115
158 241
57 3
108 155
34 39
1 85
188 167
188 153
134 113
236 57
112 123
143 127
74 12
93 223
215 157
92 101
40 165
39 189
145 130
146 117
237 45
194 37
45 3
19 108
13 118
81 164
101 151
148 240
72 75
221 141
56 74
148 50
246 43
123 221
163 134
213 86
58 65
29 8
151 108
233 222
178 237
173 72
64 236
66 241
74 220
7 29
120 46
14 137
5 172
68 57
25 166
213 92
44 219
9 48
233 81
1 153
33 22
236 95
226 108
161 92
172 14
19 186
3 27
221 55
23 161
79 110
42 150
181 34
198 222
64 208
196 228
230 98
26 228
193 231
89 85
79 71
156 124
162 83
159 64
152 133
2 148
160 21
156 25
140 162
183 90
56 249
170 246
83 122
181 142
183 111
82 137
225 77
76 17
225 60
152 18
102 174
102 17
29 53
88 58
224 154
58 177
119 242
197 14
231 186
196 180
98 222
107 178
215 140
231 223
113 147
123 162
82 191
29 169
196 20
214 106
39 168
210 30
91 201
103 210
244 129
131 51
64 121
70 5
181 212
220 51
18 42
136 240
224 185
128 177
137 182
246 135
195 167
205 199
5 187
196 73
62 223
214 96
181 97
105 113
119 203
137 61
180 24
66 202
149 29
16 38
79 114
28 117
54 92
247 74
62 130
47 53
209 228
191 227
201 49
139 220
192 83
69 227
32 207
63 218
15 129
11 86
149 204
28 144
64 235
95 10
241
209 34
142 203
50 89
8 198
55 139
186 90
43 126
137 167
19 210
219 151
202 107
159 200
173 31
205 209
234 35
93 23
130 156
222 96
70 133
235 89
151 117
169 143
31 19
71 134
57 210
150 12
209 150
125 27
164 223
185 41
43 80
64 127
120 225
19 15
21 90
150 180
224 202
212 218
164 228
22 174
202 18
205 154
73 227
215 237
188 7
119 94
101 42
227 124
187 87
80 34
16 128
206 68
160 236
147 93
41 38
122 171
176 33
110 25
206 231
163 157
55 183
74 85
8 67
102 106
216 107
220 78
39 200
228 51
145 116
140 113
231 21
83 117
131 218
143 112
102 141
130 171
191 100
87 152
56 232
172 27
215 84
199 123
29 163
148 192
54 101
213 179
44 85
149 119
241 217
226 240
201 27
139 125
209 65
204 27
190 167
74 14
129 16
163 164
103 19
188 193
109 135
80 177
154 179
57 26
224 238
87 98
212 215
46 128
128 18
239 58
18 113
24 78
162 31
159 128
211 157
228 140
116 238
137 10
144 28
50 5
21 202
155 241
114 116
213 187
26 170
122 31
66 189
78 182
201 85
215 112
40 202
203 205
174 173
43 225
127 13
20 74
12 20
160 132
152 79
97 138
5 198
105 233
224 109
173 5
232 213
69 91
137 119
12 215
236 31
186 147
105 117
128 62
202 173
151 9
41 26
29 63
113 193
206 2
100 217
73 18
109 225
95 212
28 164
217 185
204 138
10 28
212 111
30 17
149 83
229 69
212 36
65 207
104 43
168 161
148 92
91 156
75 31
161 53
146 71
199 194
149 42
187 108
131 199
234 134
127 65
65 45
10 61
1 49
46 136
34 148
168 52
216 134
181 159
56 86
69 176
211 182
52 79
46 184
5 118
145 197
189 29
231 102
240 204
75 158
78 58
230 66
88 46
195 235
152 115
34 47
60 144
133 45
110 86
196 119
146 175
4 170
208 100
203 32
214 85
97 166
141 178
96 125
210 49
73 77
149 11
7 3
221 81
15 82
51 221
21 37
147 99
165 56
152 72
121 8
79 48
136 6
8 153
95 76
14 30
4 59
108
59 33
3 72
56 74
83 47
9 59
28 40
10 6
48 69
94 37
23 29
58 20
87 39
22 54
46 14
65 60
10 28
54 53
41 75
24 60
76 55
66 12
32 8
93 80
91 63
86 61
50 9
39 55
39 26
103 68
57 32
98 35
91 48
70 107
80 49
20 56
48 93
86 23
25 37
80 55
103 91
86 43
67 72
50 28
69 98
86 69
87 30
62 24
58 77
83 100
22 73
76 37
72 75
92 93
60 101
15 62
21 3
101 4
86 107
107 64
39 18
52 4
79 63
11 68
90 99
104 16
34 91
86 7
15 63
57 91
81 10
34 2
31 76
59 65
73 62
17 79
38 41
89 77
88 83
5 49
90 75
37 27
78 39
96 7
65 102
97 108
54 45
16 58
97 59
44 31
73 36
53 99
13 102
10 89
105 55
54 66
45 83
108 42
34 85
96 82
18 84
39 106
73 14
12 71
96 19
44 51
95 9
1 41
50
49 38
44 21
34 31
27 30
8 40
4 45
39 26
46 23
30 18
2 10
7 5
25 48
21 3
19 10
50 49
12 27
4 24
18 48
50 29
26 17
4 9
19 8
6 50
20 8
43 30
8 25
5 38
45 8
44 34
47 27
6 27
29 39
35 20
50 31
7 23
11 3
23 28
12 41
22 43
41 32
15 8
27 42
9 36
6 1
19 14
16 40
13 22
37 35
33 49
