545067400 81095108
207290236 389384570
543726751 368789703
725225058 77916548
740092043 379051654
650508999 216302040
749958784 802096867
72754571 746400678
909538700 60439705
593629828 255974600
481602553 194766475
112519358 992187949
591012740 555042038
218895600 54651725
673298111 309714528
809176962 678790258
153578215 549462575
354139316 614614032
783148776 227110943
460421245 938327474
251804870 849279219
209136708 104567967
360776257 666609149
496372124 260736132
51956250 367705432
486068304 242376263
812708950 116810643
182625352 152452105
215183986 562728486
366768243 243578004
62777548 432225588
785973123 570063251
741884690 66387060
328842205 614945656
960772517 667572986
18144810 422923970
845933902 830862844
982048972 895739535
693892297 871934679
16243644 478461421
918351131 446220634
242142202 874534362
116740033 950127889
470635414 291069274
190933192 11518708
875674248 85186155
337523495 908593996
673027140 501282115
526832764 110159502
164467713 638801848
49921121 949469455
973025518 445125574
139456087 290712767
991308840 651741995
412387461 482396880
94785369 747417728
925542064 353439437
567849096 109603643
340286680 81587625
311656313 179099836
773653866 94316599
595203080 495216194
234463462 331675453
442114241 835117708
997278994 135263152
30525798 405387399
859710471 393098478
2481703 680749279
736016471 759953414
249936918 190941915
693376137 790504375
30355831 669145500
808545832 969502065
31310175 764478577
157801067 161920214
846253036 339547776
389244969 311962663
841825505 565929007
993830963 846999491
745376657 750138382
327170133 763783902
139776626 693764561
381456897 925879675
605255089 896680943
235838789 182996149
603528010 225875154
606672834 261657115
78861611 867285052
732624599 952162474
217077329 72495489
12391497 61088520
155194102 461401047
100140318 880079796
603244874 572400380
121236171 533990341
819245727 977874596
472360257 26188817
420933244 103450258
429870891 847577901
948508410 478676031
25003526 496347688
170290742 817186886
635030734 148383265
881586991 378400803
611941464 630702505
854348148 248512911
875898350 822548715
662916082 632607209
793466479 196748903
836653183 847562132
995191288 402049839
178899464 716141751
969171133 81920856
590601233 635204373
684589504 899243816
298305005 420101118
245972650 590951909
739557459 601479661
774865222 546287345
7376409 13288873
662559486 969803223
418448702 942860535
621249683 431921514
644496127 968310429
53703347 287098976
800662630 26443598
307518753 645895455
581858612 453058429
308669436 925625049
35012430 545260621
437213735 282175179
289664820 652686220
91319457 324187338
48861725 467691486
494493964 815159162
538586271 452810778
779689745 784329330
419488580 165127525
908920630 846938850
991251737 634263158
975275161 925293899
693022124 160723392
267369670 383340083
330530950 315251915
312795498 819599272
857903018 502188051
669222680 708542873
772326734 781841616
62906925 448177081
649930605 923223388
385742008 860076961
681570661 599279955
13869000 324917284
90303629 917046814
369035443 576767424
158376 383963341
94165838 7182046
760656205 178882466
322849741 677857398
41481544 635823478
38594961 320205516
548621548 321705205
614287044 180133344
827422383 448440769
985333606 757416058
160134551 579135745
811265730 481755701
6319088 403997530
228563991 276781345
693277429 658875290
433564253 208946175
901021720 225657162
922778564 402122004
603080565 239330065
57094612 4914893
785268784 328304601
121255544 426176584
267811177 335753310
703152517 832681248
580622981 823074620
613941392 993671332
970854554 743064050
463336547 396689235
747145129 708116975
672795363 948786477
325840293 971154056
411964180 731509402
256490122 689201112
520145789 599863578
638095640 734148211
185560335 374977779
838887104 349753419
555064001 581484691
792497968 800277670
880648780 164927131
150586618 49303490
626871898 510454522
260835338 56329140
669629279 841141118
507088144 475431142
665681349 153751494
362151087 356047126
95626549 829807683
940532896 470862364
616490110 325769130
555229399 643435593
92986947 940395751
283959743 206894879
491704731 720015944
614980626 742666941
270175055 754472163
799073623 743463212
992296968 633476130
664566613 806131751
343642287 180487398
461364608 578890702
546245049 98534041
339926065 825135563
566823893 143817447
880840346 900650952
636391105 455942857
660118252 151961336
918395913 933503623
333961968 745040767
884993499 179545539
245345549 97005425
467617068 586053585
846704492 111162423
243170376 174755070
416308888 478027087
481330238 258937067
39341688 381370353
624175679 777542349
568521623 257868604
971264891 687466705
167633705 234034196
425912544 894425170
3230797 770945355
265816257 974556806
103279012 896152171
203585401 32147889
478738656 795012949
791566865 722898594
85086427 107645050
973685227 275297156
358993141 258976985
8266385 480161508
125108456 134669170
920207790 781496065
361938571 212107276
331169752 686794873
153590975 391557879
345349752 62538187
674923551 971373214
340249664 16742531
743690498 933511385
584703164 762204819
186437809 136759815
58820737 192038422
544965788 251740739
649842005 745155736
246473905 30425599
185458748 303470442
561389537 554994712
129791176 883455143
985636748 476343176
150347591 929444115
404079884 677969575
612131047 653887512
723880479 928868196
328864416 720255120
633880304 406296920
551368237 848933685
996232517 751808538
589969925 60108598
292109668 522316813
291362233 462842238
2884114 1186310
252125882 203202749
178733977 574696530
239679647 228128309
490327022 482373383
811412127 601140061
719605040 688298527
254913193 993771134
481163996 924918155
423626576 972502281
815062131 241429792
423762303 983772253
148352149 289609924
420112695 240695246
622091854 992286927
818683099 615686357
157098199 293434199
681304546 897251650
195445417 174726776
533093510 573963072
307178671 123300068
459171905 900244991
293591254 856301984
562497933 392760445
646445697 388930837
173698185 736517636
812969582 594347096
819704549 617837917
531593684 206264609
121563257 52018059
133296412 251077628
498624680 245789119
2065226 560462620
722763328 763583136
352443271 230273253
436737706 29960086
281704111 176080354
924055655 651659104
898503549 573177555
935076015 466988131
400086310 3882681
441026422 86266009
850008106 949150377
118460907 849174046
249675734 360381670
572349018 629595510
134955096 881901577
218527879 970411910
262857534 974123788
7548840 230342434
946210576 399896178
160716227 650655655
768091959 713465453
693620025 999044919
875519714 926901641
841916539 427770504
259760491 613672368
221898203 107090278
71176322 718878609
65243895 234668261
999553860 124520499
85722123 113454094
304613121 471874837
726710054 933374456
230993954 87449497
222577678 725039955
623147138 204402291
808905775 603893267
445770500 514242064
651023990 904341143
171743416 670694765
935407705 318453287
486932370 321550754
878741831 997904462
883066148 109127426
161742000 64481402
730862082 321985019
769002972 946516844
528760301 797369483
870949126 973066520
501746060 438699365
37649341 561149426
437190809 242093506
450155619 51418538
35266403 940302100
253585391 936705674
746234081 963988005
625866469 617555189
480911281 870107544
438486680 38651483
888381639 900820818
519750041 213296571
554757642 838675809
995892446 524206397
96102273 384840455
290401479 305894263
902432981 125072114
837807531 680954811
47490938 709754528
569230619 291729905
496275116 923599788
440461224 306950796
444362327 567777766
902433050 335890933
181027070 658098207
850304047 372244502
460158854 933540959
236618352 959834827
629530584 712446440
617286658 684637053
989855047 241413317
478499723 565850430
507644475 242033972
485303134 582709454
761614067 340526559
532576529 610869766
56697330 366099849
689191898 739483438
57304967 625195493
50250641 770182365
318886816 217671151
925708680 964346366
401513412 736954996
999109648 50894089
934507518 936968213
829882748 497506475
102433339 291945108
149416702 731783751
216442384 93222050
846157363 872434156
589220431 121029556
178056229 38422756
399320820 466252361
40833388 845248220
414176769 865315347
640068088 765794257
811407905 700040541
419774304 378217733
314275844 739707420
118982444 542999953
3674618 440633597
463428647 937894209
497013404 360677613
138879239 869626306
564614926 54509107
845915851 932790612
358700323 447639315
73018148 640279977
146131755 770796016
445458798 65181839
386553285 994254549
475305255 866327297
693033787 266688557
857577304 232829543
770804790 316683686
855536358 733683722
660683817 540044961
869782308 147039252
728129187 158027573
464903172 705410590
774676534 921930147
848359029 953729275
897616010 692049638
305481421 138604336
269594383 176753018
704086371 884597543
88370219 141747982
813486992 443495111
663795124 106467329
300764419 173361171
104511780 915709024
698337636 86118025
848268124 6727243
852485156 657036609
894395993 108055407
343452930 223584596
369279552 911967692
791874259 103534302
353857593 946620352
493115185 53298603
924779880 108531341
434955945 637783889
494165584 420387210
628020032 764147682
939260675 157864223
577170656 165960199
992519312 339702745
631833864 769128701
181080880 819767028
204410214 523942361
582864775 554115388
140391923 260281530
757828656 834766749
832411256 677271395
677513592 288465832
4598569 165057317
610275845 957799687
519064948 280369763
161821414 318438318
369431162 746980861
780430012 76102618
581431062 91080163
41673596 573325804
644998923 833160635
304365435 486625272
290584587 830967817
415439875 812011690
107569392 674731052
725849992 752319097
850823722 329358142
307068564 407170071
966183166 451253139
267187524 27741991
423489420 540087128
849898085 762330306
589491573 315706242
709765926 542556158
759806358 502133129
541538299 14856116
915815252 561023419
965870140 46036092
941258344 127668182
190343750 937529394
