7200
-900 -900
-900 900
-899 -900
-899 900
-898 -900
-898 900
-897 -900
-897 900
-896 -900
-896 900
-895 -900
-895 900
-894 -900
-894 900
-893 -900
-893 900
-892 -900
-892 900
-891 -900
-891 900
-890 -900
-890 900
-889 -900
-889 900
-888 -900
-888 900
-887 -900
-887 900
-886 -900
-886 900
-885 -900
-885 900
-884 -900
-884 900
-883 -900
-883 900
-882 -900
-882 900
-881 -900
-881 900
-880 -900
-880 900
-879 -900
-879 900
-878 -900
-878 900
-877 -900
-877 900
-876 -900
-876 900
-875 -900
-875 900
-874 -900
-874 900
-873 -900
-873 900
-872 -900
-872 900
-871 -900
-871 900
-870 -900
-870 900
-869 -900
-869 900
-868 -900
-868 900
-867 -900
-867 900
-866 -900
-866 900
-865 -900
-865 900
-864 -900
-864 900
-863 -900
-863 900
-862 -900
-862 900
-861 -900
-861 900
-860 -900
-860 900
-859 -900
-859 900
-858 -900
-858 900
-857 -900
-857 900
-856 -900
-856 900
-855 -900
-855 900
-854 -900
-854 900
-853 -900
-853 900
-852 -900
-852 900
-851 -900
-851 900
-850 -900
-850 900
-849 -900
-849 900
-848 -900
-848 900
-847 -900
-847 900
-846 -900
-846 900
-845 -900
-845 900
-844 -900
-844 900
-843 -900
-843 900
-842 -900
-842 900
-841 -900
-841 900
-840 -900
-840 900
-839 -900
-839 900
-838 -900
-838 900
-837 -900
-837 900
-836 -900
-836 900
-835 -900
-835 900
-834 -900
-834 900
-833 -900
-833 900
-832 -900
-832 900
-831 -900
-831 900
-830 -900
-830 900
-829 -900
-829 900
-828 -900
-828 900
-827 -900
-827 900
-826 -900
-826 900
-825 -900
-825 900
-824 -900
-824 900
-823 -900
-823 900
-822 -900
-822 900
-821 -900
-821 900
-820 -900
-820 900
-819 -900
-819 900
-818 -900
-818 900
-817 -900
-817 900
-816 -900
-816 900
-815 -900
-815 900
-814 -900
-814 900
-813 -900
-813 900
-812 -900
-812 900
-811 -900
-811 900
-810 -900
-810 900
-809 -900
-809 900
-808 -900
-808 900
-807 -900
-807 900
-806 -900
-806 900
-805 -900
-805 900
-804 -900
-804 900
-803 -900
-803 900
-802 -900
-802 900
-801 -900
-801 900
-800 -900
-800 900
-799 -900
-799 900
-798 -900
-798 900
-797 -900
-797 900
-796 -900
-796 900
-795 -900
-795 900
-794 -900
-794 900
-793 -900
-793 900
-792 -900
-792 900
-791 -900
-791 900
-790 -900
-790 900
-789 -900
-789 900
-788 -900
-788 900
-787 -900
-787 900
-786 -900
-786 900
-785 -900
-785 900
-784 -900
-784 900
-783 -900
-783 900
-782 -900
-782 900
-781 -900
-781 900
-780 -900
-780 900
-779 -900
-779 900
-778 -900
-778 900
-777 -900
-777 900
-776 -900
-776 900
-775 -900
-775 900
-774 -900
-774 900
-773 -900
-773 900
-772 -900
-772 900
-771 -900
-771 900
-770 -900
-770 900
-769 -900
-769 900
-768 -900
-768 900
-767 -900
-767 900
-766 -900
-766 900
-765 -900
-765 900
-764 -900
-764 900
-763 -900
-763 900
-762 -900
-762 900
-761 -900
-761 900
-760 -900
-760 900
-759 -900
-759 900
-758 -900
-758 900
-757 -900
-757 900
-756 -900
-756 900
-755 -900
-755 900
-754 -900
-754 900
-753 -900
-753 900
-752 -900
-752 900
-751 -900
-751 900
-750 -900
-750 900
-749 -900
-749 900
-748 -900
-748 900
-747 -900
-747 900
-746 -900
-746 900
-745 -900
-745 900
-744 -900
-744 900
-743 -900
-743 900
-742 -900
-742 900
-741 -900
-741 900
-740 -900
-740 900
-739 -900
-739 900
-738 -900
-738 900
-737 -900
-737 900
-736 -900
-736 900
-735 -900
-735 900
-734 -900
-734 900
-733 -900
-733 900
-732 -900
-732 900
-731 -900
-731 900
-730 -900
-730 900
-729 -900
-729 900
-728 -900
-728 900
-727 -900
-727 900
-726 -900
-726 900
-725 -900
-725 900
-724 -900
-724 900
-723 -900
-723 900
-722 -900
-722 900
-721 -900
-721 900
-720 -900
-720 900
-719 -900
-719 900
-718 -900
-718 900
-717 -900
-717 900
-716 -900
-716 900
-715 -900
-715 900
-714 -900
-714 900
-713 -900
-713 900
-712 -900
-712 900
-711 -900
-711 900
-710 -900
-710 900
-709 -900
-709 900
-708 -900
-708 900
-707 -900
-707 900
-706 -900
-706 900
-705 -900
-705 900
-704 -900
-704 900
-703 -900
-703 900
-702 -900
-702 900
-701 -900
-701 900
-700 -900
-700 900
-699 -900
-699 900
-698 -900
-698 900
-697 -900
-697 900
-696 -900
-696 900
-695 -900
-695 900
-694 -900
-694 900
-693 -900
-693 900
-692 -900
-692 900
-691 -900
-691 900
-690 -900
-690 900
-689 -900
-689 900
-688 -900
-688 900
-687 -900
-687 900
-686 -900
-686 900
-685 -900
-685 900
-684 -900
-684 900
-683 -900
-683 900
-682 -900
-682 900
-681 -900
-681 900
-680 -900
-680 900
-679 -900
-679 900
-678 -900
-678 900
-677 -900
-677 900
-676 -900
-676 900
-675 -900
-675 900
-674 -900
-674 900
-673 -900
-673 900
-672 -900
-672 900
-671 -900
-671 900
-670 -900
-670 900
-669 -900
-669 900
-668 -900
-668 900
-667 -900
-667 900
-666 -900
-666 900
-665 -900
-665 900
-664 -900
-664 900
-663 -900
-663 900
-662 -900
-662 900
-661 -900
-661 900
-660 -900
-660 900
-659 -900
-659 900
-658 -900
-658 900
-657 -900
-657 900
-656 -900
-656 900
-655 -900
-655 900
-654 -900
-654 900
-653 -900
-653 900
-652 -900
-652 900
-651 -900
-651 900
-650 -900
-650 900
-649 -900
-649 900
-648 -900
-648 900
-647 -900
-647 900
-646 -900
-646 900
-645 -900
-645 900
-644 -900
-644 900
-643 -900
-643 900
-642 -900
-642 900
-641 -900
-641 900
-640 -900
-640 900
-639 -900
-639 900
-638 -900
-638 900
-637 -900
-637 900
-636 -900
-636 900
-635 -900
-635 900
-634 -900
-634 900
-633 -900
-633 900
-632 -900
-632 900
-631 -900
-631 900
-630 -900
-630 900
-629 -900
-629 900
-628 -900
-628 900
-627 -900
-627 900
-626 -900
-626 900
-625 -900
-625 900
-624 -900
-624 900
-623 -900
-623 900
-622 -900
-622 900
-621 -900
-621 900
-620 -900
-620 900
-619 -900
-619 900
-618 -900
-618 900
-617 -900
-617 900
-616 -900
-616 900
-615 -900
-615 900
-614 -900
-614 900
-613 -900
-613 900
-612 -900
-612 900
-611 -900
-611 900
-610 -900
-610 900
-609 -900
-609 900
-608 -900
-608 900
-607 -900
-607 900
-606 -900
-606 900
-605 -900
-605 900
-604 -900
-604 900
-603 -900
-603 900
-602 -900
-602 900
-601 -900
-601 900
-600 -900
-600 900
-599 -900
-599 900
-598 -900
-598 900
-597 -900
-597 900
-596 -900
-596 900
-595 -900
-595 900
-594 -900
-594 900
-593 -900
-593 900
-592 -900
-592 900
-591 -900
-591 900
-590 -900
-590 900
-589 -900
-589 900
-588 -900
-588 900
-587 -900
-587 900
-586 -900
-586 900
-585 -900
-585 900
-584 -900
-584 900
-583 -900
-583 900
-582 -900
-582 900
-581 -900
-581 900
-580 -900
-580 900
-579 -900
-579 900
-578 -900
-578 900
-577 -900
-577 900
-576 -900
-576 900
-575 -900
-575 900
-574 -900
-574 900
-573 -900
-573 900
-572 -900
-572 900
-571 -900
-571 900
-570 -900
-570 900
-569 -900
-569 900
-568 -900
-568 900
-567 -900
-567 900
-566 -900
-566 900
-565 -900
-565 900
-564 -900
-564 900
-563 -900
-563 900
-562 -900
-562 900
-561 -900
-561 900
-560 -900
-560 900
-559 -900
-559 900
-558 -900
-558 900
-557 -900
-557 900
-556 -900
-556 900
-555 -900
-555 900
-554 -900
-554 900
-553 -900
-553 900
-552 -900
-552 900
-551 -900
-551 900
-550 -900
-550 900
-549 -900
-549 900
-548 -900
-548 900
-547 -900
-547 900
-546 -900
-546 900
-545 -900
-545 900
-544 -900
-544 900
-543 -900
-543 900
-542 -900
-542 900
-541 -900
-541 900
-540 -900
-540 900
-539 -900
-539 900
-538 -900
-538 900
-537 -900
-537 900
-536 -900
-536 900
-535 -900
-535 900
-534 -900
-534 900
-533 -900
-533 900
-532 -900
-532 900
-531 -900
-531 900
-530 -900
-530 900
-529 -900
-529 900
-528 -900
-528 900
-527 -900
-527 900
-526 -900
-526 900
-525 -900
-525 900
-524 -900
-524 900
-523 -900
-523 900
-522 -900
-522 900
-521 -900
-521 900
-520 -900
-520 900
-519 -900
-519 900
-518 -900
-518 900
-517 -900
-517 900
-516 -900
-516 900
-515 -900
-515 900
-514 -900
-514 900
-513 -900
-513 900
-512 -900
-512 900
-511 -900
-511 900
-510 -900
-510 900
-509 -900
-509 900
-508 -900
-508 900
-507 -900
-507 900
-506 -900
-506 900
-505 -900
-505 900
-504 -900
-504 900
-503 -900
-503 900
-502 -900
-502 900
-501 -900
-501 900
-500 -900
-500 900
-499 -900
-499 900
-498 -900
-498 900
-497 -900
-497 900
-496 -900
-496 900
-495 -900
-495 900
-494 -900
-494 900
-493 -900
-493 900
-492 -900
-492 900
-491 -900
-491 900
-490 -900
-490 900
-489 -900
-489 900
-488 -900
-488 900
-487 -900
-487 900
-486 -900
-486 900
-485 -900
-485 900
-484 -900
-484 900
-483 -900
-483 900
-482 -900
-482 900
-481 -900
-481 900
-480 -900
-480 900
-479 -900
-479 900
-478 -900
-478 900
-477 -900
-477 900
-476 -900
-476 900
-475 -900
-475 900
-474 -900
-474 900
-473 -900
-473 900
-472 -900
-472 900
-471 -900
-471 900
-470 -900
-470 900
-469 -900
-469 900
-468 -900
-468 900
-467 -900
-467 900
-466 -900
-466 900
-465 -900
-465 900
-464 -900
-464 900
-463 -900
-463 900
-462 -900
-462 900
-461 -900
-461 900
-460 -900
-460 900
-459 -900
-459 900
-458 -900
-458 900
-457 -900
-457 900
-456 -900
-456 900
-455 -900
-455 900
-454 -900
-454 900
-453 -900
-453 900
-452 -900
-452 900
-451 -900
-451 900
-450 -900
-450 900
-449 -900
-449 900
-448 -900
-448 900
-447 -900
-447 900
-446 -900
-446 900
-445 -900
-445 900
-444 -900
-444 900
-443 -900
-443 900
-442 -900
-442 900
-441 -900
-441 900
-440 -900
-440 900
-439 -900
-439 900
-438 -900
-438 900
-437 -900
-437 900
-436 -900
-436 900
-435 -900
-435 900
-434 -900
-434 900
-433 -900
-433 900
-432 -900
-432 900
-431 -900
-431 900
-430 -900
-430 900
-429 -900
-429 900
-428 -900
-428 900
-427 -900
-427 900
-426 -900
-426 900
-425 -900
-425 900
-424 -900
-424 900
-423 -900
-423 900
-422 -900
-422 900
-421 -900
-421 900
-420 -900
-420 900
-419 -900
-419 900
-418 -900
-418 900
-417 -900
-417 900
-416 -900
-416 900
-415 -900
-415 900
-414 -900
-414 900
-413 -900
-413 900
-412 -900
-412 900
-411 -900
-411 900
-410 -900
-410 900
-409 -900
-409 900
-408 -900
-408 900
-407 -900
-407 900
-406 -900
-406 900
-405 -900
-405 900
-404 -900
-404 900
-403 -900
-403 900
-402 -900
-402 900
-401 -900
-401 900
-400 -900
-400 900
-399 -900
-399 900
-398 -900
-398 900
-397 -900
-397 900
-396 -900
-396 900
-395 -900
-395 900
-394 -900
-394 900
-393 -900
-393 900
-392 -900
-392 900
-391 -900
-391 900
-390 -900
-390 900
-389 -900
-389 900
-388 -900
-388 900
-387 -900
-387 900
-386 -900
-386 900
-385 -900
-385 900
-384 -900
-384 900
-383 -900
-383 900
-382 -900
-382 900
-381 -900
-381 900
-380 -900
-380 900
-379 -900
-379 900
-378 -900
-378 900
-377 -900
-377 900
-376 -900
-376 900
-375 -900
-375 900
-374 -900
-374 900
-373 -900
-373 900
-372 -900
-372 900
-371 -900
-371 900
-370 -900
-370 900
-369 -900
-369 900
-368 -900
-368 900
-367 -900
-367 900
-366 -900
-366 900
-365 -900
-365 900
-364 -900
-364 900
-363 -900
-363 900
-362 -900
-362 900
-361 -900
-361 900
-360 -900
-360 900
-359 -900
-359 900
-358 -900
-358 900
-357 -900
-357 900
-356 -900
-356 900
-355 -900
-355 900
-354 -900
-354 900
-353 -900
-353 900
-352 -900
-352 900
-351 -900
-351 900
-350 -900
-350 900
-349 -900
-349 900
-348 -900
-348 900
-347 -900
-347 900
-346 -900
-346 900
-345 -900
-345 900
-344 -900
-344 900
-343 -900
-343 900
-342 -900
-342 900
-341 -900
-341 900
-340 -900
-340 900
-339 -900
-339 900
-338 -900
-338 900
-337 -900
-337 900
-336 -900
-336 900
-335 -900
-335 900
-334 -900
-334 900
-333 -900
-333 900
-332 -900
-332 900
-331 -900
-331 900
-330 -900
-330 900
-329 -900
-329 900
-328 -900
-328 900
-327 -900
-327 900
-326 -900
-326 900
-325 -900
-325 900
-324 -900
-324 900
-323 -900
-323 900
-322 -900
-322 900
-321 -900
-321 900
-320 -900
-320 900
-319 -900
-319 900
-318 -900
-318 900
-317 -900
-317 900
-316 -900
-316 900
-315 -900
-315 900
-314 -900
-314 900
-313 -900
-313 900
-312 -900
-312 900
-311 -900
-311 900
-310 -900
-310 900
-309 -900
-309 900
-308 -900
-308 900
-307 -900
-307 900
-306 -900
-306 900
-305 -900
-305 900
-304 -900
-304 900
-303 -900
-303 900
-302 -900
-302 900
-301 -900
-301 900
-300 -900
-300 900
-299 -900
-299 900
-298 -900
-298 900
-297 -900
-297 900
-296 -900
-296 900
-295 -900
-295 900
-294 -900
-294 900
-293 -900
-293 900
-292 -900
-292 900
-291 -900
-291 900
-290 -900
-290 900
-289 -900
-289 900
-288 -900
-288 900
-287 -900
-287 900
-286 -900
-286 900
-285 -900
-285 900
-284 -900
-284 900
-283 -900
-283 900
-282 -900
-282 900
-281 -900
-281 900
-280 -900
-280 900
-279 -900
-279 900
-278 -900
-278 900
-277 -900
-277 900
-276 -900
-276 900
-275 -900
-275 900
-274 -900
-274 900
-273 -900
-273 900
-272 -900
-272 900
-271 -900
-271 900
-270 -900
-270 900
-269 -900
-269 900
-268 -900
-268 900
-267 -900
-267 900
-266 -900
-266 900
-265 -900
-265 900
-264 -900
-264 900
-263 -900
-263 900
-262 -900
-262 900
-261 -900
-261 900
-260 -900
-260 900
-259 -900
-259 900
-258 -900
-258 900
-257 -900
-257 900
-256 -900
-256 900
-255 -900
-255 900
-254 -900
-254 900
-253 -900
-253 900
-252 -900
-252 900
-251 -900
-251 900
-250 -900
-250 900
-249 -900
-249 900
-248 -900
-248 900
-247 -900
-247 900
-246 -900
-246 900
-245 -900
-245 900
-244 -900
-244 900
-243 -900
-243 900
-242 -900
-242 900
-241 -900
-241 900
-240 -900
-240 900
-239 -900
-239 900
-238 -900
-238 900
-237 -900
-237 900
-236 -900
-236 900
-235 -900
-235 900
-234 -900
-234 900
-233 -900
-233 900
-232 -900
-232 900
-231 -900
-231 900
-230 -900
-230 900
-229 -900
-229 900
-228 -900
-228 900
-227 -900
-227 900
-226 -900
-226 900
-225 -900
-225 900
-224 -900
-224 900
-223 -900
-223 900
-222 -900
-222 900
-221 -900
-221 900
-220 -900
-220 900
-219 -900
-219 900
-218 -900
-218 900
-217 -900
-217 900
-216 -900
-216 900
-215 -900
-215 900
-214 -900
-214 900
-213 -900
-213 900
-212 -900
-212 900
-211 -900
-211 900
-210 -900
-210 900
-209 -900
-209 900
-208 -900
-208 900
-207 -900
-207 900
-206 -900
-206 900
-205 -900
-205 900
-204 -900
-204 900
-203 -900
-203 900
-202 -900
-202 900
-201 -900
-201 900
-200 -900
-200 900
-199 -900
-199 900
-198 -900
-198 900
-197 -900
-197 900
-196 -900
-196 900
-195 -900
-195 900
-194 -900
-194 900
-193 -900
-193 900
-192 -900
-192 900
-191 -900
-191 900
-190 -900
-190 900
-189 -900
-189 900
-188 -900
-188 900
-187 -900
-187 900
-186 -900
-186 900
-185 -900
-185 900
-184 -900
-184 900
-183 -900
-183 900
-182 -900
-182 900
-181 -900
-181 900
-180 -900
-180 900
-179 -900
-179 900
-178 -900
-178 900
-177 -900
-177 900
-176 -900
-176 900
-175 -900
-175 900
-174 -900
-174 900
-173 -900
-173 900
-172 -900
-172 900
-171 -900
-171 900
-170 -900
-170 900
-169 -900
-169 900
-168 -900
-168 900
-167 -900
-167 900
-166 -900
-166 900
-165 -900
-165 900
-164 -900
-164 900
-163 -900
-163 900
-162 -900
-162 900
-161 -900
-161 900
-160 -900
-160 900
-159 -900
-159 900
-158 -900
-158 900
-157 -900
-157 900
-156 -900
-156 900
-155 -900
-155 900
-154 -900
-154 900
-153 -900
-153 900
-152 -900
-152 900
-151 -900
-151 900
-150 -900
-150 900
-149 -900
-149 900
-148 -900
-148 900
-147 -900
-147 900
-146 -900
-146 900
-145 -900
-145 900
-144 -900
-144 900
-143 -900
-143 900
-142 -900
-142 900
-141 -900
-141 900
-140 -900
-140 900
-139 -900
-139 900
-138 -900
-138 900
-137 -900
-137 900
-136 -900
-136 900
-135 -900
-135 900
-134 -900
-134 900
-133 -900
-133 900
-132 -900
-132 900
-131 -900
-131 900
-130 -900
-130 900
-129 -900
-129 900
-128 -900
-128 900
-127 -900
-127 900
-126 -900
-126 900
-125 -900
-125 900
-124 -900
-124 900
-123 -900
-123 900
-122 -900
-122 900
-121 -900
-121 900
-120 -900
-120 900
-119 -900
-119 900
-118 -900
-118 900
-117 -900
-117 900
-116 -900
-116 900
-115 -900
-115 900
-114 -900
-114 900
-113 -900
-113 900
-112 -900
-112 900
-111 -900
-111 900
-110 -900
-110 900
-109 -900
-109 900
-108 -900
-108 900
-107 -900
-107 900
-106 -900
-106 900
-105 -900
-105 900
-104 -900
-104 900
-103 -900
-103 900
-102 -900
-102 900
-101 -900
-101 900
-100 -900
-100 900
-99 -900
-99 900
-98 -900
-98 900
-97 -900
-97 900
-96 -900
-96 900
-95 -900
-95 900
-94 -900
-94 900
-93 -900
-93 900
-92 -900
-92 900
-91 -900
-91 900
-90 -900
-90 900
-89 -900
-89 900
-88 -900
-88 900
-87 -900
-87 900
-86 -900
-86 900
-85 -900
-85 900
-84 -900
-84 900
-83 -900
-83 900
-82 -900
-82 900
-81 -900
-81 900
-80 -900
-80 900
-79 -900
-79 900
-78 -900
-78 900
-77 -900
-77 900
-76 -900
-76 900
-75 -900
-75 900
-74 -900
-74 900
-73 -900
-73 900
-72 -900
-72 900
-71 -900
-71 900
-70 -900
-70 900
-69 -900
-69 900
-68 -900
-68 900
-67 -900
-67 900
-66 -900
-66 900
-65 -900
-65 900
-64 -900
-64 900
-63 -900
-63 900
-62 -900
-62 900
-61 -900
-61 900
-60 -900
-60 900
-59 -900
-59 900
-58 -900
-58 900
-57 -900
-57 900
-56 -900
-56 900
-55 -900
-55 900
-54 -900
-54 900
-53 -900
-53 900
-52 -900
-52 900
-51 -900
-51 900
-50 -900
-50 900
-49 -900
-49 900
-48 -900
-48 900
-47 -900
-47 900
-46 -900
-46 900
-45 -900
-45 900
-44 -900
-44 900
-43 -900
-43 900
-42 -900
-42 900
-41 -900
-41 900
-40 -900
-40 900
-39 -900
-39 900
-38 -900
-38 900
-37 -900
-37 900
-36 -900
-36 900
-35 -900
-35 900
-34 -900
-34 900
-33 -900
-33 900
-32 -900
-32 900
-31 -900
-31 900
-30 -900
-30 900
-29 -900
-29 900
-28 -900
-28 900
-27 -900
-27 900
-26 -900
-26 900
-25 -900
-25 900
-24 -900
-24 900
-23 -900
-23 900
-22 -900
-22 900
-21 -900
-21 900
-20 -900
-20 900
-19 -900
-19 900
-18 -900
-18 900
-17 -900
-17 900
-16 -900
-16 900
-15 -900
-15 900
-14 -900
-14 900
-13 -900
-13 900
-12 -900
-12 900
-11 -900
-11 900
-10 -900
-10 900
-9 -900
-9 900
-8 -900
-8 900
-7 -900
-7 900
-6 -900
-6 900
-5 -900
-5 900
-4 -900
-4 900
-3 -900
-3 900
-2 -900
-2 900
-1 -900
-1 900
0 -900
0 900
1 -900
1 900
2 -900
2 900
3 -900
3 900
4 -900
4 900
5 -900
5 900
6 -900
6 900
7 -900
7 900
8 -900
8 900
9 -900
9 900
10 -900
10 900
11 -900
11 900
12 -900
12 900
13 -900
13 900
14 -900
14 900
15 -900
15 900
16 -900
16 900
17 -900
17 900
18 -900
18 900
19 -900
19 900
20 -900
20 900
21 -900
21 900
22 -900
22 900
23 -900
23 900
24 -900
24 900
25 -900
25 900
26 -900
26 900
27 -900
27 900
28 -900
28 900
29 -900
29 900
30 -900
30 900
31 -900
31 900
32 -900
32 900
33 -900
33 900
34 -900
34 900
35 -900
35 900
36 -900
36 900
37 -900
37 900
38 -900
38 900
39 -900
39 900
40 -900
40 900
41 -900
41 900
42 -900
42 900
43 -900
43 900
44 -900
44 900
45 -900
45 900
46 -900
46 900
47 -900
47 900
48 -900
48 900
49 -900
49 900
50 -900
50 900
51 -900
51 900
52 -900
52 900
53 -900
53 900
54 -900
54 900
55 -900
55 900
56 -900
56 900
57 -900
57 900
58 -900
58 900
59 -900
59 900
60 -900
60 900
61 -900
61 900
62 -900
62 900
63 -900
63 900
64 -900
64 900
65 -900
65 900
66 -900
66 900
67 -900
67 900
68 -900
68 900
69 -900
69 900
70 -900
70 900
71 -900
71 900
72 -900
72 900
73 -900
73 900
74 -900
74 900
75 -900
75 900
76 -900
76 900
77 -900
77 900
78 -900
78 900
79 -900
79 900
80 -900
80 900
81 -900
81 900
82 -900
82 900
83 -900
83 900
84 -900
84 900
85 -900
85 900
86 -900
86 900
87 -900
87 900
88 -900
88 900
89 -900
89 900
90 -900
90 900
91 -900
91 900
92 -900
92 900
93 -900
93 900
94 -900
94 900
95 -900
95 900
96 -900
96 900
97 -900
97 900
98 -900
98 900
99 -900
99 900
100 -900
100 900
101 -900
101 900
102 -900
102 900
103 -900
103 900
104 -900
104 900
105 -900
105 900
106 -900
106 900
107 -900
107 900
108 -900
108 900
109 -900
109 900
110 -900
110 900
111 -900
111 900
112 -900
112 900
113 -900
113 900
114 -900
114 900
115 -900
115 900
116 -900
116 900
117 -900
117 900
118 -900
118 900
119 -900
119 900
120 -900
120 900
121 -900
121 900
122 -900
122 900
123 -900
123 900
124 -900
124 900
125 -900
125 900
126 -900
126 900
127 -900
127 900
128 -900
128 900
129 -900
129 900
130 -900
130 900
131 -900
131 900
132 -900
132 900
133 -900
133 900
134 -900
134 900
135 -900
135 900
136 -900
136 900
137 -900
137 900
138 -900
138 900
139 -900
139 900
140 -900
140 900
141 -900
141 900
142 -900
142 900
143 -900
143 900
144 -900
144 900
145 -900
145 900
146 -900
146 900
147 -900
147 900
148 -900
148 900
149 -900
149 900
150 -900
150 900
151 -900
151 900
152 -900
152 900
153 -900
153 900
154 -900
154 900
155 -900
155 900
156 -900
156 900
157 -900
157 900
158 -900
158 900
159 -900
159 900
160 -900
160 900
161 -900
161 900
162 -900
162 900
163 -900
163 900
164 -900
164 900
165 -900
165 900
166 -900
166 900
167 -900
167 900
168 -900
168 900
169 -900
169 900
170 -900
170 900
171 -900
171 900
172 -900
172 900
173 -900
173 900
174 -900
174 900
175 -900
175 900
176 -900
176 900
177 -900
177 900
178 -900
178 900
179 -900
179 900
180 -900
180 900
181 -900
181 900
182 -900
182 900
183 -900
183 900
184 -900
184 900
185 -900
185 900
186 -900
186 900
187 -900
187 900
188 -900
188 900
189 -900
189 900
190 -900
190 900
191 -900
191 900
192 -900
192 900
193 -900
193 900
194 -900
194 900
195 -900
195 900
196 -900
196 900
197 -900
197 900
198 -900
198 900
199 -900
199 900
200 -900
200 900
201 -900
201 900
202 -900
202 900
203 -900
203 900
204 -900
204 900
205 -900
205 900
206 -900
206 900
207 -900
207 900
208 -900
208 900
209 -900
209 900
210 -900
210 900
211 -900
211 900
212 -900
212 900
213 -900
213 900
214 -900
214 900
215 -900
215 900
216 -900
216 900
217 -900
217 900
218 -900
218 900
219 -900
219 900
220 -900
220 900
221 -900
221 900
222 -900
222 900
223 -900
223 900
224 -900
224 900
225 -900
225 900
226 -900
226 900
227 -900
227 900
228 -900
228 900
229 -900
229 900
230 -900
230 900
231 -900
231 900
232 -900
232 900
233 -900
233 900
234 -900
234 900
235 -900
235 900
236 -900
236 900
237 -900
237 900
238 -900
238 900
239 -900
239 900
240 -900
240 900
241 -900
241 900
242 -900
242 900
243 -900
243 900
244 -900
244 900
245 -900
245 900
246 -900
246 900
247 -900
247 900
248 -900
248 900
249 -900
249 900
250 -900
250 900
251 -900
251 900
252 -900
252 900
253 -900
253 900
254 -900
254 900
255 -900
255 900
256 -900
256 900
257 -900
257 900
258 -900
258 900
259 -900
259 900
260 -900
260 900
261 -900
261 900
262 -900
262 900
263 -900
263 900
264 -900
264 900
265 -900
265 900
266 -900
266 900
267 -900
267 900
268 -900
268 900
269 -900
269 900
270 -900
270 900
271 -900
271 900
272 -900
272 900
273 -900
273 900
274 -900
274 900
275 -900
275 900
276 -900
276 900
277 -900
277 900
278 -900
278 900
279 -900
279 900
280 -900
280 900
281 -900
281 900
282 -900
282 900
283 -900
283 900
284 -900
284 900
285 -900
285 900
286 -900
286 900
287 -900
287 900
288 -900
288 900
289 -900
289 900
290 -900
290 900
291 -900
291 900
292 -900
292 900
293 -900
293 900
294 -900
294 900
295 -900
295 900
296 -900
296 900
297 -900
297 900
298 -900
298 900
299 -900
299 900
300 -900
300 900
301 -900
301 900
302 -900
302 900
303 -900
303 900
304 -900
304 900
305 -900
305 900
306 -900
306 900
307 -900
307 900
308 -900
308 900
309 -900
309 900
310 -900
310 900
311 -900
311 900
312 -900
312 900
313 -900
313 900
314 -900
314 900
315 -900
315 900
316 -900
316 900
317 -900
317 900
318 -900
318 900
319 -900
319 900
320 -900
320 900
321 -900
321 900
322 -900
322 900
323 -900
323 900
324 -900
324 900
325 -900
325 900
326 -900
326 900
327 -900
327 900
328 -900
328 900
329 -900
329 900
330 -900
330 900
331 -900
331 900
332 -900
332 900
333 -900
333 900
334 -900
334 900
335 -900
335 900
336 -900
336 900
337 -900
337 900
338 -900
338 900
339 -900
339 900
340 -900
340 900
341 -900
341 900
342 -900
342 900
343 -900
343 900
344 -900
344 900
345 -900
345 900
346 -900
346 900
347 -900
347 900
348 -900
348 900
349 -900
349 900
350 -900
350 900
351 -900
351 900
352 -900
352 900
353 -900
353 900
354 -900
354 900
355 -900
355 900
356 -900
356 900
357 -900
357 900
358 -900
358 900
359 -900
359 900
360 -900
360 900
361 -900
361 900
362 -900
362 900
363 -900
363 900
364 -900
364 900
365 -900
365 900
366 -900
366 900
367 -900
367 900
368 -900
368 900
369 -900
369 900
370 -900
370 900
371 -900
371 900
372 -900
372 900
373 -900
373 900
374 -900
374 900
375 -900
375 900
376 -900
376 900
377 -900
377 900
378 -900
378 900
379 -900
379 900
380 -900
380 900
381 -900
381 900
382 -900
382 900
383 -900
383 900
384 -900
384 900
385 -900
385 900
386 -900
386 900
387 -900
387 900
388 -900
388 900
389 -900
389 900
390 -900
390 900
391 -900
391 900
392 -900
392 900
393 -900
393 900
394 -900
394 900
395 -900
395 900
396 -900
396 900
397 -900
397 900
398 -900
398 900
399 -900
399 900
400 -900
400 900
401 -900
401 900
402 -900
402 900
403 -900
403 900
404 -900
404 900
405 -900
405 900
406 -900
406 900
407 -900
407 900
408 -900
408 900
409 -900
409 900
410 -900
410 900
411 -900
411 900
412 -900
412 900
413 -900
413 900
414 -900
414 900
415 -900
415 900
416 -900
416 900
417 -900
417 900
418 -900
418 900
419 -900
419 900
420 -900
420 900
421 -900
421 900
422 -900
422 900
423 -900
423 900
424 -900
424 900
425 -900
425 900
426 -900
426 900
427 -900
427 900
428 -900
428 900
429 -900
429 900
430 -900
430 900
431 -900
431 900
432 -900
432 900
433 -900
433 900
434 -900
434 900
435 -900
435 900
436 -900
436 900
437 -900
437 900
438 -900
438 900
439 -900
439 900
440 -900
440 900
441 -900
441 900
442 -900
442 900
443 -900
443 900
444 -900
444 900
445 -900
445 900
446 -900
446 900
447 -900
447 900
448 -900
448 900
449 -900
449 900
450 -900
450 900
451 -900
451 900
452 -900
452 900
453 -900
453 900
454 -900
454 900
455 -900
455 900
456 -900
456 900
457 -900
457 900
458 -900
458 900
459 -900
459 900
460 -900
460 900
461 -900
461 900
462 -900
462 900
463 -900
463 900
464 -900
464 900
465 -900
465 900
466 -900
466 900
467 -900
467 900
468 -900
468 900
469 -900
469 900
470 -900
470 900
471 -900
471 900
472 -900
472 900
473 -900
473 900
474 -900
474 900
475 -900
475 900
476 -900
476 900
477 -900
477 900
478 -900
478 900
479 -900
479 900
480 -900
480 900
481 -900
481 900
482 -900
482 900
483 -900
483 900
484 -900
484 900
485 -900
485 900
486 -900
486 900
487 -900
487 900
488 -900
488 900
489 -900
489 900
490 -900
490 900
491 -900
491 900
492 -900
492 900
493 -900
493 900
494 -900
494 900
495 -900
495 900
496 -900
496 900
497 -900
497 900
498 -900
498 900
499 -900
499 900
500 -900
500 900
501 -900
501 900
502 -900
502 900
503 -900
503 900
504 -900
504 900
505 -900
505 900
506 -900
506 900
507 -900
507 900
508 -900
508 900
509 -900
509 900
510 -900
510 900
511 -900
511 900
512 -900
512 900
513 -900
513 900
514 -900
514 900
515 -900
515 900
516 -900
516 900
517 -900
517 900
518 -900
518 900
519 -900
519 900
520 -900
520 900
521 -900
521 900
522 -900
522 900
523 -900
523 900
524 -900
524 900
525 -900
525 900
526 -900
526 900
527 -900
527 900
528 -900
528 900
529 -900
529 900
530 -900
530 900
531 -900
531 900
532 -900
532 900
533 -900
533 900
534 -900
534 900
535 -900
535 900
536 -900
536 900
537 -900
537 900
538 -900
538 900
539 -900
539 900
540 -900
540 900
541 -900
541 900
542 -900
542 900
543 -900
543 900
544 -900
544 900
545 -900
545 900
546 -900
546 900
547 -900
547 900
548 -900
548 900
549 -900
549 900
550 -900
550 900
551 -900
551 900
552 -900
552 900
553 -900
553 900
554 -900
554 900
555 -900
555 900
556 -900
556 900
557 -900
557 900
558 -900
558 900
559 -900
559 900
560 -900
560 900
561 -900
561 900
562 -900
562 900
563 -900
563 900
564 -900
564 900
565 -900
565 900
566 -900
566 900
567 -900
567 900
568 -900
568 900
569 -900
569 900
570 -900
570 900
571 -900
571 900
572 -900
572 900
573 -900
573 900
574 -900
574 900
575 -900
575 900
576 -900
576 900
577 -900
577 900
578 -900
578 900
579 -900
579 900
580 -900
580 900
581 -900
581 900
582 -900
582 900
583 -900
583 900
584 -900
584 900
585 -900
585 900
586 -900
586 900
587 -900
587 900
588 -900
588 900
589 -900
589 900
590 -900
590 900
591 -900
591 900
592 -900
592 900
593 -900
593 900
594 -900
594 900
595 -900
595 900
596 -900
596 900
597 -900
597 900
598 -900
598 900
599 -900
599 900
600 -900
600 900
601 -900
601 900
602 -900
602 900
603 -900
603 900
604 -900
604 900
605 -900
605 900
606 -900
606 900
607 -900
607 900
608 -900
608 900
609 -900
609 900
610 -900
610 900
611 -900
611 900
612 -900
612 900
613 -900
613 900
614 -900
614 900
615 -900
615 900
616 -900
616 900
617 -900
617 900
618 -900
618 900
619 -900
619 900
620 -900
620 900
621 -900
621 900
622 -900
622 900
623 -900
623 900
624 -900
624 900
625 -900
625 900
626 -900
626 900
627 -900
627 900
628 -900
628 900
629 -900
629 900
630 -900
630 900
631 -900
631 900
632 -900
632 900
633 -900
633 900
634 -900
634 900
635 -900
635 900
636 -900
636 900
637 -900
637 900
638 -900
638 900
639 -900
639 900
640 -900
640 900
641 -900
641 900
642 -900
642 900
643 -900
643 900
644 -900
644 900
645 -900
645 900
646 -900
646 900
647 -900
647 900
648 -900
648 900
649 -900
649 900
650 -900
650 900
651 -900
651 900
652 -900
652 900
653 -900
653 900
654 -900
654 900
655 -900
655 900
656 -900
656 900
657 -900
657 900
658 -900
658 900
659 -900
659 900
660 -900
660 900
661 -900
661 900
662 -900
662 900
663 -900
663 900
664 -900
664 900
665 -900
665 900
666 -900
666 900
667 -900
667 900
668 -900
668 900
669 -900
669 900
670 -900
670 900
671 -900
671 900
672 -900
672 900
673 -900
673 900
674 -900
674 900
675 -900
675 900
676 -900
676 900
677 -900
677 900
678 -900
678 900
679 -900
679 900
680 -900
680 900
681 -900
681 900
682 -900
682 900
683 -900
683 900
684 -900
684 900
685 -900
685 900
686 -900
686 900
687 -900
687 900
688 -900
688 900
689 -900
689 900
690 -900
690 900
691 -900
691 900
692 -900
692 900
693 -900
693 900
694 -900
694 900
695 -900
695 900
696 -900
696 900
697 -900
697 900
698 -900
698 900
699 -900
699 900
700 -900
700 900
701 -900
701 900
702 -900
702 900
703 -900
703 900
704 -900
704 900
705 -900
705 900
706 -900
706 900
707 -900
707 900
708 -900
708 900
709 -900
709 900
710 -900
710 900
711 -900
711 900
712 -900
712 900
713 -900
713 900
714 -900
714 900
715 -900
715 900
716 -900
716 900
717 -900
717 900
718 -900
718 900
719 -900
719 900
720 -900
720 900
721 -900
721 900
722 -900
722 900
723 -900
723 900
724 -900
724 900
725 -900
725 900
726 -900
726 900
727 -900
727 900
728 -900
728 900
729 -900
729 900
730 -900
730 900
731 -900
731 900
732 -900
732 900
733 -900
733 900
734 -900
734 900
735 -900
735 900
736 -900
736 900
737 -900
737 900
738 -900
738 900
739 -900
739 900
740 -900
740 900
741 -900
741 900
742 -900
742 900
743 -900
743 900
744 -900
744 900
745 -900
745 900
746 -900
746 900
747 -900
747 900
748 -900
748 900
749 -900
749 900
750 -900
750 900
751 -900
751 900
752 -900
752 900
753 -900
753 900
754 -900
754 900
755 -900
755 900
756 -900
756 900
757 -900
757 900
758 -900
758 900
759 -900
759 900
760 -900
760 900
761 -900
761 900
762 -900
762 900
763 -900
763 900
764 -900
764 900
765 -900
765 900
766 -900
766 900
767 -900
767 900
768 -900
768 900
769 -900
769 900
770 -900
770 900
771 -900
771 900
772 -900
772 900
773 -900
773 900
774 -900
774 900
775 -900
775 900
776 -900
776 900
777 -900
777 900
778 -900
778 900
779 -900
779 900
780 -900
780 900
781 -900
781 900
782 -900
782 900
783 -900
783 900
784 -900
784 900
785 -900
785 900
786 -900
786 900
787 -900
787 900
788 -900
788 900
789 -900
789 900
790 -900
790 900
791 -900
791 900
792 -900
792 900
793 -900
793 900
794 -900
794 900
795 -900
795 900
796 -900
796 900
797 -900
797 900
798 -900
798 900
799 -900
799 900
800 -900
800 900
801 -900
801 900
802 -900
802 900
803 -900
803 900
804 -900
804 900
805 -900
805 900
806 -900
806 900
807 -900
807 900
808 -900
808 900
809 -900
809 900
810 -900
810 900
811 -900
811 900
812 -900
812 900
813 -900
813 900
814 -900
814 900
815 -900
815 900
816 -900
816 900
817 -900
817 900
818 -900
818 900
819 -900
819 900
820 -900
820 900
821 -900
821 900
822 -900
822 900
823 -900
823 900
824 -900
824 900
825 -900
825 900
826 -900
826 900
827 -900
827 900
828 -900
828 900
829 -900
829 900
830 -900
830 900
831 -900
831 900
832 -900
832 900
833 -900
833 900
834 -900
834 900
835 -900
835 900
836 -900
836 900
837 -900
837 900
838 -900
838 900
839 -900
839 900
840 -900
840 900
841 -900
841 900
842 -900
842 900
843 -900
843 900
844 -900
844 900
845 -900
845 900
846 -900
846 900
847 -900
847 900
848 -900
848 900
849 -900
849 900
850 -900
850 900
851 -900
851 900
852 -900
852 900
853 -900
853 900
854 -900
854 900
855 -900
855 900
856 -900
856 900
857 -900
857 900
858 -900
858 900
859 -900
859 900
860 -900
860 900
861 -900
861 900
862 -900
862 900
863 -900
863 900
864 -900
864 900
865 -900
865 900
866 -900
866 900
867 -900
867 900
868 -900
868 900
869 -900
869 900
870 -900
870 900
871 -900
871 900
872 -900
872 900
873 -900
873 900
874 -900
874 900
875 -900
875 900
876 -900
876 900
877 -900
877 900
878 -900
878 900
879 -900
879 900
880 -900
880 900
881 -900
881 900
882 -900
882 900
883 -900
883 900
884 -900
884 900
885 -900
885 900
886 -900
886 900
887 -900
887 900
888 -900
888 900
889 -900
889 900
890 -900
890 900
891 -900
891 900
892 -900
892 900
893 -900
893 900
894 -900
894 900
895 -900
895 900
896 -900
896 900
897 -900
897 900
898 -900
898 900
899 -900
899 900
900 -900
900 900
-900 -899
900 -899
-900 -898
900 -898
-900 -897
900 -897
-900 -896
900 -896
-900 -895
900 -895
-900 -894
900 -894
-900 -893
900 -893
-900 -892
900 -892
-900 -891
900 -891
-900 -890
900 -890
-900 -889
900 -889
-900 -888
900 -888
-900 -887
900 -887
-900 -886
900 -886
-900 -885
900 -885
-900 -884
900 -884
-900 -883
900 -883
-900 -882
900 -882
-900 -881
900 -881
-900 -880
900 -880
-900 -879
900 -879
-900 -878
900 -878
-900 -877
900 -877
-900 -876
900 -876
-900 -875
900 -875
-900 -874
900 -874
-900 -873
900 -873
-900 -872
900 -872
-900 -871
900 -871
-900 -870
900 -870
-900 -869
900 -869
-900 -868
900 -868
-900 -867
900 -867
-900 -866
900 -866
-900 -865
900 -865
-900 -864
900 -864
-900 -863
900 -863
-900 -862
900 -862
-900 -861
900 -861
-900 -860
900 -860
-900 -859
900 -859
-900 -858
900 -858
-900 -857
900 -857
-900 -856
900 -856
-900 -855
900 -855
-900 -854
900 -854
-900 -853
900 -853
-900 -852
900 -852
-900 -851
900 -851
-900 -850
900 -850
-900 -849
900 -849
-900 -848
900 -848
-900 -847
900 -847
-900 -846
900 -846
-900 -845
900 -845
-900 -844
900 -844
-900 -843
900 -843
-900 -842
900 -842
-900 -841
900 -841
-900 -840
900 -840
-900 -839
900 -839
-900 -838
900 -838
-900 -837
900 -837
-900 -836
900 -836
-900 -835
900 -835
-900 -834
900 -834
-900 -833
900 -833
-900 -832
900 -832
-900 -831
900 -831
-900 -830
900 -830
-900 -829
900 -829
-900 -828
900 -828
-900 -827
900 -827
-900 -826
900 -826
-900 -825
900 -825
-900 -824
900 -824
-900 -823
900 -823
-900 -822
900 -822
-900 -821
900 -821
-900 -820
900 -820
-900 -819
900 -819
-900 -818
900 -818
-900 -817
900 -817
-900 -816
900 -816
-900 -815
900 -815
-900 -814
900 -814
-900 -813
900 -813
-900 -812
900 -812
-900 -811
900 -811
-900 -810
900 -810
-900 -809
900 -809
-900 -808
900 -808
-900 -807
900 -807
-900 -806
900 -806
-900 -805
900 -805
-900 -804
900 -804
-900 -803
900 -803
-900 -802
900 -802
-900 -801
900 -801
-900 -800
900 -800
-900 -799
900 -799
-900 -798
900 -798
-900 -797
900 -797
-900 -796
900 -796
-900 -795
900 -795
-900 -794
900 -794
-900 -793
900 -793
-900 -792
900 -792
-900 -791
900 -791
-900 -790
900 -790
-900 -789
900 -789
-900 -788
900 -788
-900 -787
900 -787
-900 -786
900 -786
-900 -785
900 -785
-900 -784
900 -784
-900 -783
900 -783
-900 -782
900 -782
-900 -781
900 -781
-900 -780
900 -780
-900 -779
900 -779
-900 -778
900 -778
-900 -777
900 -777
-900 -776
900 -776
-900 -775
900 -775
-900 -774
900 -774
-900 -773
900 -773
-900 -772
900 -772
-900 -771
900 -771
-900 -770
900 -770
-900 -769
900 -769
-900 -768
900 -768
-900 -767
900 -767
-900 -766
900 -766
-900 -765
900 -765
-900 -764
900 -764
-900 -763
900 -763
-900 -762
900 -762
-900 -761
900 -761
-900 -760
900 -760
-900 -759
900 -759
-900 -758
900 -758
-900 -757
900 -757
-900 -756
900 -756
-900 -755
900 -755
-900 -754
900 -754
-900 -753
900 -753
-900 -752
900 -752
-900 -751
900 -751
-900 -750
900 -750
-900 -749
900 -749
-900 -748
900 -748
-900 -747
900 -747
-900 -746
900 -746
-900 -745
900 -745
-900 -744
900 -744
-900 -743
900 -743
-900 -742
900 -742
-900 -741
900 -741
-900 -740
900 -740
-900 -739
900 -739
-900 -738
900 -738
-900 -737
900 -737
-900 -736
900 -736
-900 -735
900 -735
-900 -734
900 -734
-900 -733
900 -733
-900 -732
900 -732
-900 -731
900 -731
-900 -730
900 -730
-900 -729
900 -729
-900 -728
900 -728
-900 -727
900 -727
-900 -726
900 -726
-900 -725
900 -725
-900 -724
900 -724
-900 -723
900 -723
-900 -722
900 -722
-900 -721
900 -721
-900 -720
900 -720
-900 -719
900 -719
-900 -718
900 -718
-900 -717
900 -717
-900 -716
900 -716
-900 -715
900 -715
-900 -714
900 -714
-900 -713
900 -713
-900 -712
900 -712
-900 -711
900 -711
-900 -710
900 -710
-900 -709
900 -709
-900 -708
900 -708
-900 -707
900 -707
-900 -706
900 -706
-900 -705
900 -705
-900 -704
900 -704
-900 -703
900 -703
-900 -702
900 -702
-900 -701
900 -701
-900 -700
900 -700
-900 -699
900 -699
-900 -698
900 -698
-900 -697
900 -697
-900 -696
900 -696
-900 -695
900 -695
-900 -694
900 -694
-900 -693
900 -693
-900 -692
900 -692
-900 -691
900 -691
-900 -690
900 -690
-900 -689
900 -689
-900 -688
900 -688
-900 -687
900 -687
-900 -686
900 -686
-900 -685
900 -685
-900 -684
900 -684
-900 -683
900 -683
-900 -682
900 -682
-900 -681
900 -681
-900 -680
900 -680
-900 -679
900 -679
-900 -678
900 -678
-900 -677
900 -677
-900 -676
900 -676
-900 -675
900 -675
-900 -674
900 -674
-900 -673
900 -673
-900 -672
900 -672
-900 -671
900 -671
-900 -670
900 -670
-900 -669
900 -669
-900 -668
900 -668
-900 -667
900 -667
-900 -666
900 -666
-900 -665
900 -665
-900 -664
900 -664
-900 -663
900 -663
-900 -662
900 -662
-900 -661
900 -661
-900 -660
900 -660
-900 -659
900 -659
-900 -658
900 -658
-900 -657
900 -657
-900 -656
900 -656
-900 -655
900 -655
-900 -654
900 -654
-900 -653
900 -653
-900 -652
900 -652
-900 -651
900 -651
-900 -650
900 -650
-900 -649
900 -649
-900 -648
900 -648
-900 -647
900 -647
-900 -646
900 -646
-900 -645
900 -645
-900 -644
900 -644
-900 -643
900 -643
-900 -642
900 -642
-900 -641
900 -641
-900 -640
900 -640
-900 -639
900 -639
-900 -638
900 -638
-900 -637
900 -637
-900 -636
900 -636
-900 -635
900 -635
-900 -634
900 -634
-900 -633
900 -633
-900 -632
900 -632
-900 -631
900 -631
-900 -630
900 -630
-900 -629
900 -629
-900 -628
900 -628
-900 -627
900 -627
-900 -626
900 -626
-900 -625
900 -625
-900 -624
900 -624
-900 -623
900 -623
-900 -622
900 -622
-900 -621
900 -621
-900 -620
900 -620
-900 -619
900 -619
-900 -618
900 -618
-900 -617
900 -617
-900 -616
900 -616
-900 -615
900 -615
-900 -614
900 -614
-900 -613
900 -613
-900 -612
900 -612
-900 -611
900 -611
-900 -610
900 -610
-900 -609
900 -609
-900 -608
900 -608
-900 -607
900 -607
-900 -606
900 -606
-900 -605
900 -605
-900 -604
900 -604
-900 -603
900 -603
-900 -602
900 -602
-900 -601
900 -601
-900 -600
900 -600
-900 -599
900 -599
-900 -598
900 -598
-900 -597
900 -597
-900 -596
900 -596
-900 -595
900 -595
-900 -594
900 -594
-900 -593
900 -593
-900 -592
900 -592
-900 -591
900 -591
-900 -590
900 -590
-900 -589
900 -589
-900 -588
900 -588
-900 -587
900 -587
-900 -586
900 -586
-900 -585
900 -585
-900 -584
900 -584
-900 -583
900 -583
-900 -582
900 -582
-900 -581
900 -581
-900 -580
900 -580
-900 -579
900 -579
-900 -578
900 -578
-900 -577
900 -577
-900 -576
900 -576
-900 -575
900 -575
-900 -574
900 -574
-900 -573
900 -573
-900 -572
900 -572
-900 -571
900 -571
-900 -570
900 -570
-900 -569
900 -569
-900 -568
900 -568
-900 -567
900 -567
-900 -566
900 -566
-900 -565
900 -565
-900 -564
900 -564
-900 -563
900 -563
-900 -562
900 -562
-900 -561
900 -561
-900 -560
900 -560
-900 -559
900 -559
-900 -558
900 -558
-900 -557
900 -557
-900 -556
900 -556
-900 -555
900 -555
-900 -554
900 -554
-900 -553
900 -553
-900 -552
900 -552
-900 -551
900 -551
-900 -550
900 -550
-900 -549
900 -549
-900 -548
900 -548
-900 -547
900 -547
-900 -546
900 -546
-900 -545
900 -545
-900 -544
900 -544
-900 -543
900 -543
-900 -542
900 -542
-900 -541
900 -541
-900 -540
900 -540
-900 -539
900 -539
-900 -538
900 -538
-900 -537
900 -537
-900 -536
900 -536
-900 -535
900 -535
-900 -534
900 -534
-900 -533
900 -533
-900 -532
900 -532
-900 -531
900 -531
-900 -530
900 -530
-900 -529
900 -529
-900 -528
900 -528
-900 -527
900 -527
-900 -526
900 -526
-900 -525
900 -525
-900 -524
900 -524
-900 -523
900 -523
-900 -522
900 -522
-900 -521
900 -521
-900 -520
900 -520
-900 -519
900 -519
-900 -518
900 -518
-900 -517
900 -517
-900 -516
900 -516
-900 -515
900 -515
-900 -514
900 -514
-900 -513
900 -513
-900 -512
900 -512
-900 -511
900 -511
-900 -510
900 -510
-900 -509
900 -509
-900 -508
900 -508
-900 -507
900 -507
-900 -506
900 -506
-900 -505
900 -505
-900 -504
900 -504
-900 -503
900 -503
-900 -502
900 -502
-900 -501
900 -501
-900 -500
900 -500
-900 -499
900 -499
-900 -498
900 -498
-900 -497
900 -497
-900 -496
900 -496
-900 -495
900 -495
-900 -494
900 -494
-900 -493
900 -493
-900 -492
900 -492
-900 -491
900 -491
-900 -490
900 -490
-900 -489
900 -489
-900 -488
900 -488
-900 -487
900 -487
-900 -486
900 -486
-900 -485
900 -485
-900 -484
900 -484
-900 -483
900 -483
-900 -482
900 -482
-900 -481
900 -481
-900 -480
900 -480
-900 -479
900 -479
-900 -478
900 -478
-900 -477
900 -477
-900 -476
900 -476
-900 -475
900 -475
-900 -474
900 -474
-900 -473
900 -473
-900 -472
900 -472
-900 -471
900 -471
-900 -470
900 -470
-900 -469
900 -469
-900 -468
900 -468
-900 -467
900 -467
-900 -466
900 -466
-900 -465
900 -465
-900 -464
900 -464
-900 -463
900 -463
-900 -462
900 -462
-900 -461
900 -461
-900 -460
900 -460
-900 -459
900 -459
-900 -458
900 -458
-900 -457
900 -457
-900 -456
900 -456
-900 -455
900 -455
-900 -454
900 -454
-900 -453
900 -453
-900 -452
900 -452
-900 -451
900 -451
-900 -450
900 -450
-900 -449
900 -449
-900 -448
900 -448
-900 -447
900 -447
-900 -446
900 -446
-900 -445
900 -445
-900 -444
900 -444
-900 -443
900 -443
-900 -442
900 -442
-900 -441
900 -441
-900 -440
900 -440
-900 -439
900 -439
-900 -438
900 -438
-900 -437
900 -437
-900 -436
900 -436
-900 -435
900 -435
-900 -434
900 -434
-900 -433
900 -433
-900 -432
900 -432
-900 -431
900 -431
-900 -430
900 -430
-900 -429
900 -429
-900 -428
900 -428
-900 -427
900 -427
-900 -426
900 -426
-900 -425
900 -425
-900 -424
900 -424
-900 -423
900 -423
-900 -422
900 -422
-900 -421
900 -421
-900 -420
900 -420
-900 -419
900 -419
-900 -418
900 -418
-900 -417
900 -417
-900 -416
900 -416
-900 -415
900 -415
-900 -414
900 -414
-900 -413
900 -413
-900 -412
900 -412
-900 -411
900 -411
-900 -410
900 -410
-900 -409
900 -409
-900 -408
900 -408
-900 -407
900 -407
-900 -406
900 -406
-900 -405
900 -405
-900 -404
900 -404
-900 -403
900 -403
-900 -402
900 -402
-900 -401
900 -401
-900 -400
900 -400
-900 -399
900 -399
-900 -398
900 -398
-900 -397
900 -397
-900 -396
900 -396
-900 -395
900 -395
-900 -394
900 -394
-900 -393
900 -393
-900 -392
900 -392
-900 -391
900 -391
-900 -390
900 -390
-900 -389
900 -389
-900 -388
900 -388
-900 -387
900 -387
-900 -386
900 -386
-900 -385
900 -385
-900 -384
900 -384
-900 -383
900 -383
-900 -382
900 -382
-900 -381
900 -381
-900 -380
900 -380
-900 -379
900 -379
-900 -378
900 -378
-900 -377
900 -377
-900 -376
900 -376
-900 -375
900 -375
-900 -374
900 -374
-900 -373
900 -373
-900 -372
900 -372
-900 -371
900 -371
-900 -370
900 -370
-900 -369
900 -369
-900 -368
900 -368
-900 -367
900 -367
-900 -366
900 -366
-900 -365
900 -365
-900 -364
900 -364
-900 -363
900 -363
-900 -362
900 -362
-900 -361
900 -361
-900 -360
900 -360
-900 -359
900 -359
-900 -358
900 -358
-900 -357
900 -357
-900 -356
900 -356
-900 -355
900 -355
-900 -354
900 -354
-900 -353
900 -353
-900 -352
900 -352
-900 -351
900 -351
-900 -350
900 -350
-900 -349
900 -349
-900 -348
900 -348
-900 -347
900 -347
-900 -346
900 -346
-900 -345
900 -345
-900 -344
900 -344
-900 -343
900 -343
-900 -342
900 -342
-900 -341
900 -341
-900 -340
900 -340
-900 -339
900 -339
-900 -338
900 -338
-900 -337
900 -337
-900 -336
900 -336
-900 -335
900 -335
-900 -334
900 -334
-900 -333
900 -333
-900 -332
900 -332
-900 -331
900 -331
-900 -330
900 -330
-900 -329
900 -329
-900 -328
900 -328
-900 -327
900 -327
-900 -326
900 -326
-900 -325
900 -325
-900 -324
900 -324
-900 -323
900 -323
-900 -322
900 -322
-900 -321
900 -321
-900 -320
900 -320
-900 -319
900 -319
-900 -318
900 -318
-900 -317
900 -317
-900 -316
900 -316
-900 -315
900 -315
-900 -314
900 -314
-900 -313
900 -313
-900 -312
900 -312
-900 -311
900 -311
-900 -310
900 -310
-900 -309
900 -309
-900 -308
900 -308
-900 -307
900 -307
-900 -306
900 -306
-900 -305
900 -305
-900 -304
900 -304
-900 -303
900 -303
-900 -302
900 -302
-900 -301
900 -301
-900 -300
900 -300
-900 -299
900 -299
-900 -298
900 -298
-900 -297
900 -297
-900 -296
900 -296
-900 -295
900 -295
-900 -294
900 -294
-900 -293
900 -293
-900 -292
900 -292
-900 -291
900 -291
-900 -290
900 -290
-900 -289
900 -289
-900 -288
900 -288
-900 -287
900 -287
-900 -286
900 -286
-900 -285
900 -285
-900 -284
900 -284
-900 -283
900 -283
-900 -282
900 -282
-900 -281
900 -281
-900 -280
900 -280
-900 -279
900 -279
-900 -278
900 -278
-900 -277
900 -277
-900 -276
900 -276
-900 -275
900 -275
-900 -274
900 -274
-900 -273
900 -273
-900 -272
900 -272
-900 -271
900 -271
-900 -270
900 -270
-900 -269
900 -269
-900 -268
900 -268
-900 -267
900 -267
-900 -266
900 -266
-900 -265
900 -265
-900 -264
900 -264
-900 -263
900 -263
-900 -262
900 -262
-900 -261
900 -261
-900 -260
900 -260
-900 -259
900 -259
-900 -258
900 -258
-900 -257
900 -257
-900 -256
900 -256
-900 -255
900 -255
-900 -254
900 -254
-900 -253
900 -253
-900 -252
900 -252
-900 -251
900 -251
-900 -250
900 -250
-900 -249
900 -249
-900 -248
900 -248
-900 -247
900 -247
-900 -246
900 -246
-900 -245
900 -245
-900 -244
900 -244
-900 -243
900 -243
-900 -242
900 -242
-900 -241
900 -241
-900 -240
900 -240
-900 -239
900 -239
-900 -238
900 -238
-900 -237
900 -237
-900 -236
900 -236
-900 -235
900 -235
-900 -234
900 -234
-900 -233
900 -233
-900 -232
900 -232
-900 -231
900 -231
-900 -230
900 -230
-900 -229
900 -229
-900 -228
900 -228
-900 -227
900 -227
-900 -226
900 -226
-900 -225
900 -225
-900 -224
900 -224
-900 -223
900 -223
-900 -222
900 -222
-900 -221
900 -221
-900 -220
900 -220
-900 -219
900 -219
-900 -218
900 -218
-900 -217
900 -217
-900 -216
900 -216
-900 -215
900 -215
-900 -214
900 -214
-900 -213
900 -213
-900 -212
900 -212
-900 -211
900 -211
-900 -210
900 -210
-900 -209
900 -209
-900 -208
900 -208
-900 -207
900 -207
-900 -206
900 -206
-900 -205
900 -205
-900 -204
900 -204
-900 -203
900 -203
-900 -202
900 -202
-900 -201
900 -201
-900 -200
900 -200
-900 -199
900 -199
-900 -198
900 -198
-900 -197
900 -197
-900 -196
900 -196
-900 -195
900 -195
-900 -194
900 -194
-900 -193
900 -193
-900 -192
900 -192
-900 -191
900 -191
-900 -190
900 -190
-900 -189
900 -189
-900 -188
900 -188
-900 -187
900 -187
-900 -186
900 -186
-900 -185
900 -185
-900 -184
900 -184
-900 -183
900 -183
-900 -182
900 -182
-900 -181
900 -181
-900 -180
900 -180
-900 -179
900 -179
-900 -178
900 -178
-900 -177
900 -177
-900 -176
900 -176
-900 -175
900 -175
-900 -174
900 -174
-900 -173
900 -173
-900 -172
900 -172
-900 -171
900 -171
-900 -170
900 -170
-900 -169
900 -169
-900 -168
900 -168
-900 -167
900 -167
-900 -166
900 -166
-900 -165
900 -165
-900 -164
900 -164
-900 -163
900 -163
-900 -162
900 -162
-900 -161
900 -161
-900 -160
900 -160
-900 -159
900 -159
-900 -158
900 -158
-900 -157
900 -157
-900 -156
900 -156
-900 -155
900 -155
-900 -154
900 -154
-900 -153
900 -153
-900 -152
900 -152
-900 -151
900 -151
-900 -150
900 -150
-900 -149
900 -149
-900 -148
900 -148
-900 -147
900 -147
-900 -146
900 -146
-900 -145
900 -145
-900 -144
900 -144
-900 -143
900 -143
-900 -142
900 -142
-900 -141
900 -141
-900 -140
900 -140
-900 -139
900 -139
-900 -138
900 -138
-900 -137
900 -137
-900 -136
900 -136
-900 -135
900 -135
-900 -134
900 -134
-900 -133
900 -133
-900 -132
900 -132
-900 -131
900 -131
-900 -130
900 -130
-900 -129
900 -129
-900 -128
900 -128
-900 -127
900 -127
-900 -126
900 -126
-900 -125
900 -125
-900 -124
900 -124
-900 -123
900 -123
-900 -122
900 -122
-900 -121
900 -121
-900 -120
900 -120
-900 -119
900 -119
-900 -118
900 -118
-900 -117
900 -117
-900 -116
900 -116
-900 -115
900 -115
-900 -114
900 -114
-900 -113
900 -113
-900 -112
900 -112
-900 -111
900 -111
-900 -110
900 -110
-900 -109
900 -109
-900 -108
900 -108
-900 -107
900 -107
-900 -106
900 -106
-900 -105
900 -105
-900 -104
900 -104
-900 -103
900 -103
-900 -102
900 -102
-900 -101
900 -101
-900 -100
900 -100
-900 -99
900 -99
-900 -98
900 -98
-900 -97
900 -97
-900 -96
900 -96
-900 -95
900 -95
-900 -94
900 -94
-900 -93
900 -93
-900 -92
900 -92
-900 -91
900 -91
-900 -90
900 -90
-900 -89
900 -89
-900 -88
900 -88
-900 -87
900 -87
-900 -86
900 -86
-900 -85
900 -85
-900 -84
900 -84
-900 -83
900 -83
-900 -82
900 -82
-900 -81
900 -81
-900 -80
900 -80
-900 -79
900 -79
-900 -78
900 -78
-900 -77
900 -77
-900 -76
900 -76
-900 -75
900 -75
-900 -74
900 -74
-900 -73
900 -73
-900 -72
900 -72
-900 -71
900 -71
-900 -70
900 -70
-900 -69
900 -69
-900 -68
900 -68
-900 -67
900 -67
-900 -66
900 -66
-900 -65
900 -65
-900 -64
900 -64
-900 -63
900 -63
-900 -62
900 -62
-900 -61
900 -61
-900 -60
900 -60
-900 -59
900 -59
-900 -58
900 -58
-900 -57
900 -57
-900 -56
900 -56
-900 -55
900 -55
-900 -54
900 -54
-900 -53
900 -53
-900 -52
900 -52
-900 -51
900 -51
-900 -50
900 -50
-900 -49
900 -49
-900 -48
900 -48
-900 -47
900 -47
-900 -46
900 -46
-900 -45
900 -45
-900 -44
900 -44
-900 -43
900 -43
-900 -42
900 -42
-900 -41
900 -41
-900 -40
900 -40
-900 -39
900 -39
-900 -38
900 -38
-900 -37
900 -37
-900 -36
900 -36
-900 -35
900 -35
-900 -34
900 -34
-900 -33
900 -33
-900 -32
900 -32
-900 -31
900 -31
-900 -30
900 -30
-900 -29
900 -29
-900 -28
900 -28
-900 -27
900 -27
-900 -26
900 -26
-900 -25
900 -25
-900 -24
900 -24
-900 -23
900 -23
-900 -22
900 -22
-900 -21
900 -21
-900 -20
900 -20
-900 -19
900 -19
-900 -18
900 -18
-900 -17
900 -17
-900 -16
900 -16
-900 -15
900 -15
-900 -14
900 -14
-900 -13
900 -13
-900 -12
900 -12
-900 -11
900 -11
-900 -10
900 -10
-900 -9
900 -9
-900 -8
900 -8
-900 -7
900 -7
-900 -6
900 -6
-900 -5
900 -5
-900 -4
900 -4
-900 -3
900 -3
-900 -2
900 -2
-900 -1
900 -1
-900 0
900 0
-900 1
900 1
-900 2
900 2
-900 3
900 3
-900 4
900 4
-900 5
900 5
-900 6
900 6
-900 7
900 7
-900 8
900 8
-900 9
900 9
-900 10
900 10
-900 11
900 11
-900 12
900 12
-900 13
900 13
-900 14
900 14
-900 15
900 15
-900 16
900 16
-900 17
900 17
-900 18
900 18
-900 19
900 19
-900 20
900 20
-900 21
900 21
-900 22
900 22
-900 23
900 23
-900 24
900 24
-900 25
900 25
-900 26
900 26
-900 27
900 27
-900 28
900 28
-900 29
900 29
-900 30
900 30
-900 31
900 31
-900 32
900 32
-900 33
900 33
-900 34
900 34
-900 35
900 35
-900 36
900 36
-900 37
900 37
-900 38
900 38
-900 39
900 39
-900 40
900 40
-900 41
900 41
-900 42
900 42
-900 43
900 43
-900 44
900 44
-900 45
900 45
-900 46
900 46
-900 47
900 47
-900 48
900 48
-900 49
900 49
-900 50
900 50
-900 51
900 51
-900 52
900 52
-900 53
900 53
-900 54
900 54
-900 55
900 55
-900 56
900 56
-900 57
900 57
-900 58
900 58
-900 59
900 59
-900 60
900 60
-900 61
900 61
-900 62
900 62
-900 63
900 63
-900 64
900 64
-900 65
900 65
-900 66
900 66
-900 67
900 67
-900 68
900 68
-900 69
900 69
-900 70
900 70
-900 71
900 71
-900 72
900 72
-900 73
900 73
-900 74
900 74
-900 75
900 75
-900 76
900 76
-900 77
900 77
-900 78
900 78
-900 79
900 79
-900 80
900 80
-900 81
900 81
-900 82
900 82
-900 83
900 83
-900 84
900 84
-900 85
900 85
-900 86
900 86
-900 87
900 87
-900 88
900 88
-900 89
900 89
-900 90
900 90
-900 91
900 91
-900 92
900 92
-900 93
900 93
-900 94
900 94
-900 95
900 95
-900 96
900 96
-900 97
900 97
-900 98
900 98
-900 99
900 99
-900 100
900 100
-900 101
900 101
-900 102
900 102
-900 103
900 103
-900 104
900 104
-900 105
900 105
-900 106
900 106
-900 107
900 107
-900 108
900 108
-900 109
900 109
-900 110
900 110
-900 111
900 111
-900 112
900 112
-900 113
900 113
-900 114
900 114
-900 115
900 115
-900 116
900 116
-900 117
900 117
-900 118
900 118
-900 119
900 119
-900 120
900 120
-900 121
900 121
-900 122
900 122
-900 123
900 123
-900 124
900 124
-900 125
900 125
-900 126
900 126
-900 127
900 127
-900 128
900 128
-900 129
900 129
-900 130
900 130
-900 131
900 131
-900 132
900 132
-900 133
900 133
-900 134
900 134
-900 135
900 135
-900 136
900 136
-900 137
900 137
-900 138
900 138
-900 139
900 139
-900 140
900 140
-900 141
900 141
-900 142
900 142
-900 143
900 143
-900 144
900 144
-900 145
900 145
-900 146
900 146
-900 147
900 147
-900 148
900 148
-900 149
900 149
-900 150
900 150
-900 151
900 151
-900 152
900 152
-900 153
900 153
-900 154
900 154
-900 155
900 155
-900 156
900 156
-900 157
900 157
-900 158
900 158
-900 159
900 159
-900 160
900 160
-900 161
900 161
-900 162
900 162
-900 163
900 163
-900 164
900 164
-900 165
900 165
-900 166
900 166
-900 167
900 167
-900 168
900 168
-900 169
900 169
-900 170
900 170
-900 171
900 171
-900 172
900 172
-900 173
900 173
-900 174
900 174
-900 175
900 175
-900 176
900 176
-900 177
900 177
-900 178
900 178
-900 179
900 179
-900 180
900 180
-900 181
900 181
-900 182
900 182
-900 183
900 183
-900 184
900 184
-900 185
900 185
-900 186
900 186
-900 187
900 187
-900 188
900 188
-900 189
900 189
-900 190
900 190
-900 191
900 191
-900 192
900 192
-900 193
900 193
-900 194
900 194
-900 195
900 195
-900 196
900 196
-900 197
900 197
-900 198
900 198
-900 199
900 199
-900 200
900 200
-900 201
900 201
-900 202
900 202
-900 203
900 203
-900 204
900 204
-900 205
900 205
-900 206
900 206
-900 207
900 207
-900 208
900 208
-900 209
900 209
-900 210
900 210
-900 211
900 211
-900 212
900 212
-900 213
900 213
-900 214
900 214
-900 215
900 215
-900 216
900 216
-900 217
900 217
-900 218
900 218
-900 219
900 219
-900 220
900 220
-900 221
900 221
-900 222
900 222
-900 223
900 223
-900 224
900 224
-900 225
900 225
-900 226
900 226
-900 227
900 227
-900 228
900 228
-900 229
900 229
-900 230
900 230
-900 231
900 231
-900 232
900 232
-900 233
900 233
-900 234
900 234
-900 235
900 235
-900 236
900 236
-900 237
900 237
-900 238
900 238
-900 239
900 239
-900 240
900 240
-900 241
900 241
-900 242
900 242
-900 243
900 243
-900 244
900 244
-900 245
900 245
-900 246
900 246
-900 247
900 247
-900 248
900 248
-900 249
900 249
-900 250
900 250
-900 251
900 251
-900 252
900 252
-900 253
900 253
-900 254
900 254
-900 255
900 255
-900 256
900 256
-900 257
900 257
-900 258
900 258
-900 259
900 259
-900 260
900 260
-900 261
900 261
-900 262
900 262
-900 263
900 263
-900 264
900 264
-900 265
900 265
-900 266
900 266
-900 267
900 267
-900 268
900 268
-900 269
900 269
-900 270
900 270
-900 271
900 271
-900 272
900 272
-900 273
900 273
-900 274
900 274
-900 275
900 275
-900 276
900 276
-900 277
900 277
-900 278
900 278
-900 279
900 279
-900 280
900 280
-900 281
900 281
-900 282
900 282
-900 283
900 283
-900 284
900 284
-900 285
900 285
-900 286
900 286
-900 287
900 287
-900 288
900 288
-900 289
900 289
-900 290
900 290
-900 291
900 291
-900 292
900 292
-900 293
900 293
-900 294
900 294
-900 295
900 295
-900 296
900 296
-900 297
900 297
-900 298
900 298
-900 299
900 299
-900 300
900 300
-900 301
900 301
-900 302
900 302
-900 303
900 303
-900 304
900 304
-900 305
900 305
-900 306
900 306
-900 307
900 307
-900 308
900 308
-900 309
900 309
-900 310
900 310
-900 311
900 311
-900 312
900 312
-900 313
900 313
-900 314
900 314
-900 315
900 315
-900 316
900 316
-900 317
900 317
-900 318
900 318
-900 319
900 319
-900 320
900 320
-900 321
900 321
-900 322
900 322
-900 323
900 323
-900 324
900 324
-900 325
900 325
-900 326
900 326
-900 327
900 327
-900 328
900 328
-900 329
900 329
-900 330
900 330
-900 331
900 331
-900 332
900 332
-900 333
900 333
-900 334
900 334
-900 335
900 335
-900 336
900 336
-900 337
900 337
-900 338
900 338
-900 339
900 339
-900 340
900 340
-900 341
900 341
-900 342
900 342
-900 343
900 343
-900 344
900 344
-900 345
900 345
-900 346
900 346
-900 347
900 347
-900 348
900 348
-900 349
900 349
-900 350
900 350
-900 351
900 351
-900 352
900 352
-900 353
900 353
-900 354
900 354
-900 355
900 355
-900 356
900 356
-900 357
900 357
-900 358
900 358
-900 359
900 359
-900 360
900 360
-900 361
900 361
-900 362
900 362
-900 363
900 363
-900 364
900 364
-900 365
900 365
-900 366
900 366
-900 367
900 367
-900 368
900 368
-900 369
900 369
-900 370
900 370
-900 371
900 371
-900 372
900 372
-900 373
900 373
-900 374
900 374
-900 375
900 375
-900 376
900 376
-900 377
900 377
-900 378
900 378
-900 379
900 379
-900 380
900 380
-900 381
900 381
-900 382
900 382
-900 383
900 383
-900 384
900 384
-900 385
900 385
-900 386
900 386
-900 387
900 387
-900 388
900 388
-900 389
900 389
-900 390
900 390
-900 391
900 391
-900 392
900 392
-900 393
900 393
-900 394
900 394
-900 395
900 395
-900 396
900 396
-900 397
900 397
-900 398
900 398
-900 399
900 399
-900 400
900 400
-900 401
900 401
-900 402
900 402
-900 403
900 403
-900 404
900 404
-900 405
900 405
-900 406
900 406
-900 407
900 407
-900 408
900 408
-900 409
900 409
-900 410
900 410
-900 411
900 411
-900 412
900 412
-900 413
900 413
-900 414
900 414
-900 415
900 415
-900 416
900 416
-900 417
900 417
-900 418
900 418
-900 419
900 419
-900 420
900 420
-900 421
900 421
-900 422
900 422
-900 423
900 423
-900 424
900 424
-900 425
900 425
-900 426
900 426
-900 427
900 427
-900 428
900 428
-900 429
900 429
-900 430
900 430
-900 431
900 431
-900 432
900 432
-900 433
900 433
-900 434
900 434
-900 435
900 435
-900 436
900 436
-900 437
900 437
-900 438
900 438
-900 439
900 439
-900 440
900 440
-900 441
900 441
-900 442
900 442
-900 443
900 443
-900 444
900 444
-900 445
900 445
-900 446
900 446
-900 447
900 447
-900 448
900 448
-900 449
900 449
-900 450
900 450
-900 451
900 451
-900 452
900 452
-900 453
900 453
-900 454
900 454
-900 455
900 455
-900 456
900 456
-900 457
900 457
-900 458
900 458
-900 459
900 459
-900 460
900 460
-900 461
900 461
-900 462
900 462
-900 463
900 463
-900 464
900 464
-900 465
900 465
-900 466
900 466
-900 467
900 467
-900 468
900 468
-900 469
900 469
-900 470
900 470
-900 471
900 471
-900 472
900 472
-900 473
900 473
-900 474
900 474
-900 475
900 475
-900 476
900 476
-900 477
900 477
-900 478
900 478
-900 479
900 479
-900 480
900 480
-900 481
900 481
-900 482
900 482
-900 483
900 483
-900 484
900 484
-900 485
900 485
-900 486
900 486
-900 487
900 487
-900 488
900 488
-900 489
900 489
-900 490
900 490
-900 491
900 491
-900 492
900 492
-900 493
900 493
-900 494
900 494
-900 495
900 495
-900 496
900 496
-900 497
900 497
-900 498
900 498
-900 499
900 499
-900 500
900 500
-900 501
900 501
-900 502
900 502
-900 503
900 503
-900 504
900 504
-900 505
900 505
-900 506
900 506
-900 507
900 507
-900 508
900 508
-900 509
900 509
-900 510
900 510
-900 511
900 511
-900 512
900 512
-900 513
900 513
-900 514
900 514
-900 515
900 515
-900 516
900 516
-900 517
900 517
-900 518
900 518
-900 519
900 519
-900 520
900 520
-900 521
900 521
-900 522
900 522
-900 523
900 523
-900 524
900 524
-900 525
900 525
-900 526
900 526
-900 527
900 527
-900 528
900 528
-900 529
900 529
-900 530
900 530
-900 531
900 531
-900 532
900 532
-900 533
900 533
-900 534
900 534
-900 535
900 535
-900 536
900 536
-900 537
900 537
-900 538
900 538
-900 539
900 539
-900 540
900 540
-900 541
900 541
-900 542
900 542
-900 543
900 543
-900 544
900 544
-900 545
900 545
-900 546
900 546
-900 547
900 547
-900 548
900 548
-900 549
900 549
-900 550
900 550
-900 551
900 551
-900 552
900 552
-900 553
900 553
-900 554
900 554
-900 555
900 555
-900 556
900 556
-900 557
900 557
-900 558
900 558
-900 559
900 559
-900 560
900 560
-900 561
900 561
-900 562
900 562
-900 563
900 563
-900 564
900 564
-900 565
900 565
-900 566
900 566
-900 567
900 567
-900 568
900 568
-900 569
900 569
-900 570
900 570
-900 571
900 571
-900 572
900 572
-900 573
900 573
-900 574
900 574
-900 575
900 575
-900 576
900 576
-900 577
900 577
-900 578
900 578
-900 579
900 579
-900 580
900 580
-900 581
900 581
-900 582
900 582
-900 583
900 583
-900 584
900 584
-900 585
900 585
-900 586
900 586
-900 587
900 587
-900 588
900 588
-900 589
900 589
-900 590
900 590
-900 591
900 591
-900 592
900 592
-900 593
900 593
-900 594
900 594
-900 595
900 595
-900 596
900 596
-900 597
900 597
-900 598
900 598
-900 599
900 599
-900 600
900 600
-900 601
900 601
-900 602
900 602
-900 603
900 603
-900 604
900 604
-900 605
900 605
-900 606
900 606
-900 607
900 607
-900 608
900 608
-900 609
900 609
-900 610
900 610
-900 611
900 611
-900 612
900 612
-900 613
900 613
-900 614
900 614
-900 615
900 615
-900 616
900 616
-900 617
900 617
-900 618
900 618
-900 619
900 619
-900 620
900 620
-900 621
900 621
-900 622
900 622
-900 623
900 623
-900 624
900 624
-900 625
900 625
-900 626
900 626
-900 627
900 627
-900 628
900 628
-900 629
900 629
-900 630
900 630
-900 631
900 631
-900 632
900 632
-900 633
900 633
-900 634
900 634
-900 635
900 635
-900 636
900 636
-900 637
900 637
-900 638
900 638
-900 639
900 639
-900 640
900 640
-900 641
900 641
-900 642
900 642
-900 643
900 643
-900 644
900 644
-900 645
900 645
-900 646
900 646
-900 647
900 647
-900 648
900 648
-900 649
900 649
-900 650
900 650
-900 651
900 651
-900 652
900 652
-900 653
900 653
-900 654
900 654
-900 655
900 655
-900 656
900 656
-900 657
900 657
-900 658
900 658
-900 659
900 659
-900 660
900 660
-900 661
900 661
-900 662
900 662
-900 663
900 663
-900 664
900 664
-900 665
900 665
-900 666
900 666
-900 667
900 667
-900 668
900 668
-900 669
900 669
-900 670
900 670
-900 671
900 671
-900 672
900 672
-900 673
900 673
-900 674
900 674
-900 675
900 675
-900 676
900 676
-900 677
900 677
-900 678
900 678
-900 679
900 679
-900 680
900 680
-900 681
900 681
-900 682
900 682
-900 683
900 683
-900 684
900 684
-900 685
900 685
-900 686
900 686
-900 687
900 687
-900 688
900 688
-900 689
900 689
-900 690
900 690
-900 691
900 691
-900 692
900 692
-900 693
900 693
-900 694
900 694
-900 695
900 695
-900 696
900 696
-900 697
900 697
-900 698
900 698
-900 699
900 699
-900 700
900 700
-900 701
900 701
-900 702
900 702
-900 703
900 703
-900 704
900 704
-900 705
900 705
-900 706
900 706
-900 707
900 707
-900 708
900 708
-900 709
900 709
-900 710
900 710
-900 711
900 711
-900 712
900 712
-900 713
900 713
-900 714
900 714
-900 715
900 715
-900 716
900 716
-900 717
900 717
-900 718
900 718
-900 719
900 719
-900 720
900 720
-900 721
900 721
-900 722
900 722
-900 723
900 723
-900 724
900 724
-900 725
900 725
-900 726
900 726
-900 727
900 727
-900 728
900 728
-900 729
900 729
-900 730
900 730
-900 731
900 731
-900 732
900 732
-900 733
900 733
-900 734
900 734
-900 735
900 735
-900 736
900 736
-900 737
900 737
-900 738
900 738
-900 739
900 739
-900 740
900 740
-900 741
900 741
-900 742
900 742
-900 743
900 743
-900 744
900 744
-900 745
900 745
-900 746
900 746
-900 747
900 747
-900 748
900 748
-900 749
900 749
-900 750
900 750
-900 751
900 751
-900 752
900 752
-900 753
900 753
-900 754
900 754
-900 755
900 755
-900 756
900 756
-900 757
900 757
-900 758
900 758
-900 759
900 759
-900 760
900 760
-900 761
900 761
-900 762
900 762
-900 763
900 763
-900 764
900 764
-900 765
900 765
-900 766
900 766
-900 767
900 767
-900 768
900 768
-900 769
900 769
-900 770
900 770
-900 771
900 771
-900 772
900 772
-900 773
900 773
-900 774
900 774
-900 775
900 775
-900 776
900 776
-900 777
900 777
-900 778
900 778
-900 779
900 779
-900 780
900 780
-900 781
900 781
-900 782
900 782
-900 783
900 783
-900 784
900 784
-900 785
900 785
-900 786
900 786
-900 787
900 787
-900 788
900 788
-900 789
900 789
-900 790
900 790
-900 791
900 791
-900 792
900 792
-900 793
900 793
-900 794
900 794
-900 795
900 795
-900 796
900 796
-900 797
900 797
-900 798
900 798
-900 799
900 799
-900 800
900 800
-900 801
900 801
-900 802
900 802
-900 803
900 803
-900 804
900 804
-900 805
900 805
-900 806
900 806
-900 807
900 807
-900 808
900 808
-900 809
900 809
-900 810
900 810
-900 811
900 811
-900 812
900 812
-900 813
900 813
-900 814
900 814
-900 815
900 815
-900 816
900 816
-900 817
900 817
-900 818
900 818
-900 819
900 819
-900 820
900 820
-900 821
900 821
-900 822
900 822
-900 823
900 823
-900 824
900 824
-900 825
900 825
-900 826
900 826
-900 827
900 827
-900 828
900 828
-900 829
900 829
-900 830
900 830
-900 831
900 831
-900 832
900 832
-900 833
900 833
-900 834
900 834
-900 835
900 835
-900 836
900 836
-900 837
900 837
-900 838
900 838
-900 839
900 839
-900 840
900 840
-900 841
900 841
-900 842
900 842
-900 843
900 843
-900 844
900 844
-900 845
900 845
-900 846
900 846
-900 847
900 847
-900 848
900 848
-900 849
900 849
-900 850
900 850
-900 851
900 851
-900 852
900 852
-900 853
900 853
-900 854
900 854
-900 855
900 855
-900 856
900 856
-900 857
900 857
-900 858
900 858
-900 859
900 859
-900 860
900 860
-900 861
900 861
-900 862
900 862
-900 863
900 863
-900 864
900 864
-900 865
900 865
-900 866
900 866
-900 867
900 867
-900 868
900 868
-900 869
900 869
-900 870
900 870
-900 871
900 871
-900 872
900 872
-900 873
900 873
-900 874
900 874
-900 875
900 875
-900 876
900 876
-900 877
900 877
-900 878
900 878
-900 879
900 879
-900 880
900 880
-900 881
900 881
-900 882
900 882
-900 883
900 883
-900 884
900 884
-900 885
900 885
-900 886
900 886
-900 887
900 887
-900 888
900 888
-900 889
900 889
-900 890
900 890
-900 891
900 891
-900 892
900 892
-900 893
900 893
-900 894
900 894
-900 895
900 895
-900 896
900 896
-900 897
900 897
-900 898
900 898
-900 899
900 899
