5
1000
437 581
581 474
581 752
581 221
437 912
474 69
912 20
912 894
912 517
69 928
894 122
912 439
928 50
912 659
581 666
20 174
437 677
474 969
752 627
752 158
928 625
752 711
711 417
912 603
659 801
894 654
894 602
659 175
175 418
654 297
50 389
439 235
625 165
158 525
165 77
418 712
603 606
928 485
165 478
165 187
712 131
187 772
711 49
928 922
581 784
478 576
603 940
187 957
677 156
894 26
654 319
235 681
485 472
50 611
625 111
50 96
437 543
389 110
472 821
928 376
26 107
175 857
611 657
389 843
437 298
543 539
659 419
654 700
712 941
419 171
110 168
666 656
941 151
940 825
298 295
389 765
656 163
922 587
656 828
611 144
144 509
654 763
940 475
602 507
485 332
666 541
581 211
221 776
20 246
418 192
26 533
474 604
171 759
122 838
478 866
969 42
625 193
376 471
111 364
418 963
42 653
131 842
163 650
801 316
364 271
912 274
418 748
922 79
825 585
928 499
171 693
656 350
174 874
541 920
772 460
187 991
165 785
485 505
654 141
920 844
77 186
507 567
842 618
131 783
186 421
625 962
298 411
585 667
144 161
541 337
507 910
271 108
161 826
693 609
437 59
991 799
168 75
517 134
711 572
79 180
941 99
874 354
821 619
59 925
417 91
611 632
96 153
576 196
211 673
963 167
922 574
838 409
460 173
437 817
910 402
316 775
122 250
134 450
221 336
186 615
77 351
246 456
271 565
533 313
920 379
122 440
517 30
821 267
173 373
168 330
962 948
627 873
174 739
928 529
539 716
654 490
319 39
772 547
783 323
784 480
603 164
196 352
379 307
75 3
49 315
759 503
941 216
962 750
567 971
567 942
606 276
857 388
681 424
673 36
437 461
337 254
611 599
673 534
517 640
700 545
509 847
509 733
298 304
838 184
821 735
165 593
474 870
192 300
602 145
350 756
545 467
940 162
297 242
450 117
541 554
539 310
352 937
625 406
330 114
221 575
145 380
928 317
174 805
910 560
77 655
775 7
783 139
59 768
107 342
77 522
388 669
693 526
168 617
490 365
593 287
91 530
409 563
75 445
499 358
317 486
828 292
445 917
765 95
271 792
817 492
235 528
756 248
406 584
419 431
768 454
563 345
91 403
69 222
656 559
300 771
174 674
153 89
89 520
611 864
406 770
575 322
307 93
460 179
472 906
602 577
246 564
963 918
554 931
627 265
520 620
770 974
866 272
587 989
575 718
274 816
772 451
409 947
599 261
174 53
187 542
472 500
928 126
526 282
26 580
26 476
192 909
750 405
828 58
431 218
456 385
272 621
134 6
445 393
315 685
354 286
842 824
585 876
530 17
847 933
801 569
471 903
411 215
560 614
673 35
615 740
971 392
17 518
486 157
528 853
476 72
763 125
625 707
847 371
505 808
330 916
864 839
125 230
337 985
518 515
685 61
520 840
297 901
424 466
42 881
554 790
480 501
509 626
740 349
575 479
611 506
505 995
352 762
286 105
772 893
587 195
53 556
75 882
345 766
211 949
995 133
174 812
460 662
518 982
3 827
95 148
93 87
989 686
949 924
133 914
542 939
313 952
971 725
315 465
91 869
756 181
771 709
385 429
36 889
569 205
870 198
910 27
790 71
693 160
59 237
575 56
122 101
330 856
105 324
114 493
621 697
565 724
545 713
528 10
205 519
61 774
697 38
485 491
417 508
295 884
30 880
893 570
593 377
697 779
107 758
59 70
175 878
609 956
545 63
117 182
775 737
365 732
640 238
53 746
193 531
373 675
709 719
739 339
171 263
36 945
556 341
526 400
884 705
174 845
475 524
539 279
615 244
771 837
675 228
518 102
569 234
385 643
842 992
524 355
808 689
228 859
563 130
122 551
828 82
519 803
541 340
246 270
304 923
957 329
920 166
365 810
962 958
286 858
310 702
192 895
171 861
179 240
824 146
134 613
525 598
971 94
602 987
853 147
598 616
419 78
718 721
758 953
307 741
784 773
874 734
604 121
766 646
741 663
117 668
491 46
893 321
27 86
519 269
554 219
952 112
53 568
316 257
906 800
388 280
321 289
478 579
246 552
148 370
821 45
570 665
164 301
617 830
45 588
271 678
752 703
914 483
541 813
238 915
942 807
324 142
94 64
417 23
588 288
50 152
570 550
560 934
737 600
617 368
479 225
526 249
840 680
144 513
619 698
300 428
719 751
27 16
611 90
280 596
192 571
620 214
500 462
483 118
874 407
529 597
373 690
762 185
611 2
941 535
569 464
269 877
187 203
775 727
10 744
371 973
765 434
864 100
61 390
697 34
36 32
96 879
677 791
466 57
27 736
963 630
824 731
520 5
859 930
164 258
91 52
373 996
827 983
719 217
564 647
686 290
35 883
520 28
467 85
746 416
996 943
526 997
182 652
478 143
772 150
267 386
828 47
731 401
147 285
465 638
543 284
332 232
768 396
526 169
219 113
744 911
525 140
30 104
403 438
478 84
911 441
958 639
744 367
554 204
718 589
390 723
352 829
472 951
698 966
218 312
630 404
153 608
515 482
884 661
61 488
428 362
698 201
598 120
748 959
63 896
171 4
392 425
131 562
144 976
647 561
75 841
916 898
543 742
735 251
157 769
425 822
813 921
939 764
139 277
915 359
653 819
110 11
625 333
580 538
604 477
451 886
666 420
316 197
744 227
941 455
406 954
192 846
428 135
759 645
589 510
257 73
439 907
775 592
545 68
376 818
569 623
371 814
304 470
690 745
677 264
876 595
618 798
790 651
396 353
561 927
719 672
843 888
483 18
805 296
702 578
462 55
179 422
880 443
295 154
428 904
246 781
196 487
545 981
574 80
774 688
519 243
121 209
603 684
482 967
718 453
845 862
407 366
613 833
158 964
846 283
147 558
47 802
584 458
611 979
765 226
661 755
370 224
513 637
907 622
779 328
272 984
126 170
258 116
333 809
209 178
226 484
274 106
915 489
630 12
626 1000
110 344
712 605
927 446
267 48
174 149
973 546
520 326
541 338
142 433
842 935
917 749
647 343
365 831
407 306
493 694
263 536
365 855
528 247
215 481
489 199
844 743
300 432
71 25
419 202
276 683
533 255
666 410
840 591
604 633
57 804
625 191
174 320
627 426
272 788
112 65
58 231
951 926
264 806
895 975
350 447
139 305
467 753
216 463
336 469
732 892
979 260
838 555
517 172
597 311
542 629
324 795
743 119
574 980
935 24
685 815
460 960
816 435
227 820
843 504
888 442
470 823
464 188
198 516
396 872
112 155
830 278
752 648
364 891
196 796
705 423
949 854
150 836
680 679
840 331
872 208
698 929
488 374
422 347
976 387
910 372
814 382
765 369
526 189
604 327
441 708
819 835
243 361
680 664
869 412
407 682
82 631
622 273
5 890
519 414
332 777
880 15
615 549
748 213
981 408
543 811
225 220
342 717
810 511
620 919
892 714
877 76
769 129
184 29
426 413
669 200
876 496
353 852
773 908
773 701
404 335
823 457
665 381
478 98
806 44
517 610
341 318
888 944
564 309
327 430
713 660
249 936
646 1
301 357
660 51
337 190
71 136
799 946
510 548
657 54
117 348
102 537
731 544
679 715
475 521
221 266
231 738
521 965
374 863
339 395
12 262
589 512
133 123
475 183
87 658
737 726
616 241
288 452
707 127
234 998
50 977
529 444
805 757
683 566
544 514
53 649
546 728
668 275
614 74
220 124
715 281
615 849
292 699
69 993
798 710
859 642
991 436
417 635
418 397
602 573
106 671
556 871
949 415
749 913
849 325
949 427
382 128
507 868
588 207
518 557
273 494
625 41
982 761
505 540
357 229
226 502
501 236
406 40
862 786
571 81
262 986
783 706
78 583
352 346
39 473
39 294
59 137
389 782
55 641
799 308
335 383
157 729
701 754
882 760
924 449
913 747
681 676
282 394
171 66
741 459
358 553
805 527
933 22
227 115
242 495
587 887
15 601
2 334
446 314
292 834
585 950
428 691
979 302
196 832
683 384
861 789
65 970
321 720
799 19
349 851
904 897
20 797
192 692
810 13
469 955
181 644
831 636
224 885
407 767
540 988
73 88
22 780
960 905
211 132
184 363
667 360
800 33
904 628
855 607
265 239
88 378
99 210
466 498
977 532
118 670
958 37
625 704
901 92
650 138
203 468
390 83
797 999
198 67
471 268
369 860
801 787
650 252
480 778
715 8
754 399
134 448
310 730
178 793
656 972
520 696
387 990
887 223
156 695
283 303
302 624
472 875
990 900
515 9
957 968
210 902
491 14
970 245
198 356
972 932
798 994
595 177
787 687
566 899
991 722
750 865
570 590
663 62
689 159
417 293
727 176
104 31
980 497
122 375
355 299
286 867
812 256
950 523
260 612
443 97
305 586
183 582
486 794
531 206
279 233
589 259
624 60
465 398
560 291
182 212
797 938
211 391
646 634
119 109
320 194
179 43
798 961
405 103
5 848
103 21
934 850
135 978
602 594
746 253
1000
437 581
437 474
474 752
752 221
474 912
581 69
69 20
912 894
474 517
912 928
437 122
69 439
474 50
912 659
69 666
20 174
50 677
659 969
221 627
439 158
50 625
439 711
174 417
677 603
20 801
517 654
158 602
928 175
581 418
752 297
666 389
603 235
581 165
928 525
389 77
654 712
474 606
20 485
928 478
235 187
437 131
711 772
175 49
77 922
711 784
175 576
485 940
677 957
175 156
677 26
752 319
603 681
894 472
49 611
485 111
472 96
922 543
957 110
957 821
165 376
666 107
772 857
376 657
49 843
752 298
437 539
122 419
627 700
69 941
940 171
110 168
168 656
437 151
843 825
659 295
50 765
654 163
221 587
26 828
957 144
474 509
821 763
376 475
763 507
603 332
235 541
472 211
131 776
666 246
235 192
941 533
174 604
659 759
131 838
776 866
517 42
604 193
681 471
298 364
96 963
657 653
657 842
941 650
110 316
677 271
700 274
763 748
866 79
657 585
587 499
193 693
585 350
657 874
144 920
543 460
419 991
963 785
77 505
175 141
625 844
110 186
763 567
332 618
316 783
174 421
246 962
666 411
603 667
77 161
585 337
271 910
211 108
801 826
866 609
163 59
874 799
221 75
192 134
75 572
842 180
110 99
298 354
759 619
144 925
417 91
134 632
174 153
962 196
543 673
763 167
472 574
131 409
411 173
842 817
991 402
158 775
50 250
650 450
354 336
298 615
842 351
42 456
603 565
351 313
677 379
151 440
161 30
991 267
525 373
711 330
525 948
533 873
49 739
186 529
79 716
677 490
173 39
681 547
963 323
91 480
784 164
59 352
187 307
700 3
411 315
478 503
332 216
69 750
748 971
499 942
59 276
49 388
30 424
565 36
677 461
711 254
417 599
517 534
700 640
474 545
920 847
153 733
411 304
572 184
739 735
625 593
323 870
799 300
739 145
666 756
962 467
330 162
69 242
180 117
756 554
666 310
307 937
173 406
801 114
776 575
957 380
337 317
759 805
843 560
168 655
417 7
572 139
547 768
139 342
593 522
276 669
162 526
735 617
254 365
250 287
421 530
99 563
242 445
352 358
750 486
962 292
693 917
499 95
30 792
276 492
242 528
560 248
539 584
602 431
894 454
615 345
669 403
735 222
184 559
59 771
522 674
517 89
870 520
164 864
655 770
145 322
99 93
248 179
756 906
192 577
153 564
534 918
267 931
529 265
336 620
509 974
20 272
437 989
336 718
507 816
559 451
274 947
543 261
171 53
380 542
928 500
711 126
948 282
771 580
193 476
962 909
825 405
485 58
765 218
431 385
909 621
842 6
677 393
153 685
99 286
963 824
828 876
655 17
184 933
122 569
693 903
971 215
604 614
389 35
673 740
36 392
376 518
554 157
402 853
826 72
615 125
799 707
962 371
609 808
783 916
58 839
292 230
274 985
196 515
799 61
711 840
267 901
870 466
69 881
918 790
110 501
560 626
365 349
365 479
991 506
332 995
122 762
461 105
659 893
541 195
765 556
765 882
349 766
604 949
931 133
292 812
437 662
490 982
816 827
505 148
7 87
342 686
72 924
640 914
72 939
864 952
507 725
196 465
916 869
765 181
440 709
218 429
39 889
843 205
402 198
914 27
332 71
162 160
770 237
653 56
776 101
917 856
656 324
752 493
711 697
790 724
604 713
925 10
490 519
547 774
342 38
36 491
620 508
768 884
61 880
476 570
640 377
59 779
766 758
627 70
254 878
87 956
295 63
995 182
377 737
925 732
424 238
801 746
431 531
575 675
593 719
499 339
669 263
49 945
817 341
480 400
697 705
971 845
330 524
604 279
148 244
599 837
195 228
6 102
295 234
337 643
323 992
956 355
475 689
402 859
373 130
26 551
358 82
808 803
490 340
411 270
655 923
485 329
7 166
451 810
7 958
580 858
476 702
307 895
96 861
500 240
27 146
526 613
287 598
218 94
533 987
168 147
962 616
931 78
91 721
614 953
545 741
63 773
417 734
882 121
385 646
235 663
878 668
324 46
193 321
810 86
409 269
923 219
615 112
505 568
515 257
529 800
418 280
569 289
158 579
58 552
545 370
173 45
101 665
96 301
340 830
569 588
30 678
141 703
991 483
7 813
918 915
700 807
304 142
166 64
144 23
847 288
271 152
957 550
912 934
421 600
461 368
856 225
525 249
385 680
559 513
107 698
859 428
250 751
380 16
196 90
292 596
737 571
748 214
58 462
551 118
909 407
181 597
147 690
501 185
845 2
735 535
792 464
826 877
336 203
373 727
221 744
646 973
509 434
476 100
100 390
87 34
161 32
437 879
225 791
30 57
322 736
971 630
947 731
580 5
697 930
939 258
110 52
100 996
736 983
258 217
957 647
508 290
697 883
912 28
493 85
916 416
390 943
620 997
358 652
611 143
853 150
784 386
471 47
439 401
756 285
5 638
101 284
746 232
167 396
285 169
533 113
845 911
647 140
739 104
572 438
376 84
35 441
801 639
910 367
439 204
475 589
185 723
56 829
925 951
71 966
916 312
766 404
417 608
476 482
274 661
920 488
438 362
117 201
186 120
810 959
158 896
652 4
575 425
611 562
807 976
608 561
817 841
547 898
661 742
274 251
342 769
790 822
350 921
969 764
751 277
602 359
354 819
653 11
53 333
716 538
163 477
279 886
165 420
411 197
731 227
562 455
425 954
520 846
886 135
883 645
377 510
561 73
987 907
483 592
101 68
362 818
690 623
819 814
740 470
470 745
974 264
615 595
915 798
840 651
844 353
519 927
6 672
47 888
718 18
825 296
42 578
112 55
574 422
23 443
355 154
711 904
764 781
561 487
662 981
368 80
764 688
617 243
534 209
501 684
296 967
742 453
42 862
927 366
674 833
584 964
592 283
16 558
403 802
711 458
659 979
101 226
530 755
174 224
322 637
520 622
209 328
321 984
154 170
923 116
626 809
246 178
341 484
174 106
492 489
669 12
209 1000
479 344
277 605
201 446
440 48
402 149
304 546
569 326
727 338
102 433
182 935
599 749
933 343
550 831
462 306
113 694
758 536
915 855
108 247
116 481
228 199
102 743
974 432
480 25
332 202
367 683
941 255
565 410
265 591
705 633
271 804
609 191
927 320
933 426
773 788
768 65
173 231
686 926
751 806
506 975
450 447
478 305
984 753
716 463
271 469
367 892
581 260
725 555
396 172
118 311
538 629
231 795
580 119
856 980
810 24
313 815
433 960
110 435
542 820
489 504
271 442
251 823
745 188
589 516
28 872
901 155
823 278
6 648
538 891
96 796
707 423
339 854
801 836
58 679
779 331
16 208
169 929
541 374
320 347
201 387
141 372
864 382
842 369
110 189
584 327
164 708
526 835
147 361
743 664
30 412
199 682
475 631
945 273
971 890
182 414
368 777
880 15
228 549
73 213
531 408
533 811
86 220
812 717
597 511
353 919
890 714
539 76
802 129
874 29
477 413
492 200
734 496
721 852
455 908
102 701
476 335
507 457
326 381
980 98
838 44
915 610
555 318
966 944
740 309
465 430
447 660
242 936
163 1
883 357
852 51
220 190
421 136
219 946
819 548
842 54
261 348
326 537
410 544
411 715
772 521
82 266
323 738
623 965
217 863
813 395
804 262
228 512
521 123
465 183
64 658
306 726
28 241
933 452
316 127
261 998
650 977
995 444
927 757
675 566
933 514
819 649
690 728
890 275
944 74
452 124
561 281
916 849
476 699
653 993
781 710
68 642
388 436
615 635
122 397
99 573
257 671
812 871
699 415
282 913
991 325
732 427
286 128
617 868
343 207
547 557
411 494
91 41
397 761
742 540
894 229
570 502
734 236
700 40
1000 786
917 81
100 986
323 706
770 583
879 346
892 473
155 294
381 137
698 782
890 641
798 308
985 383
207 729
489 754
708 760
496 449
504 747
452 676
344 394
84 66
816 459
539 553
653 527
550 22
746 115
440 495
543 887
942 601
39 334
763 314
222 834
1 950
946 691
913 302
53 832
143 384
971 789
595 970
281 720
241 19
521 851
477 897
734 797
734 692
605 13
605 955
862 644
455 636
717 885
924 767
401 988
147 88
171 780
119 905
274 132
511 363
747 360
721 33
525 628
970 607
479 239
93 378
20 210
152 498
761 532
535 670
29 37
269 704
261 92
654 138
442 468
424 83
519 999
620 67
661 268
674 860
74 787
694 252
169 778
389 8
37 399
520 448
763 730
736 793
129 972
483 696
37 990
36 223
804 695
11 303
849 624
258 875
692 900
288 9
140 968
271 902
409 14
357 245
372 356
518 932
86 994
641 177
906 687
24 899
765 722
370 865
464 590
677 62
797 159
859 293
496 176
995 31
249 497
884 375
54 299
167 867
28 256
465 523
389 612
994 97
505 586
673 582
235 794
912 206
788 233
830 259
508 60
340 398
940 291
754 212
359 938
808 391
174 634
222 109
766 194
32 43
819 961
347 103
612 848
46 21
424 850
739 978
789 594
337 253
1000
437 581
581 474
581 752
437 221
437 912
752 69
437 20
69 894
437 517
581 928
20 122
437 439
221 50
474 659
659 666
221 174
437 677
517 969
221 627
174 158
122 625
666 711
122 417
711 603
912 801
158 654
666 602
437 175
603 418
581 297
659 389
912 235
659 165
659 525
158 77
235 712
712 606
77 485
712 478
20 187
478 131
69 772
131 49
666 922
439 784
20 576
175 940
625 957
625 156
417 26
174 319
439 681
174 472
581 611
49 111
297 96
940 543
156 110
418 821
235 376
439 107
156 857
187 657
969 843
110 298
581 539
110 419
677 700
156 941
77 171
478 168
478 656
656 151
681 825
77 295
957 765
857 163
603 587
158 828
417 144
576 509
922 763
581 475
509 507
437 332
295 541
417 211
666 776
825 246
174 192
122 533
825 604
666 759
765 838
165 866
525 42
821 193
857 471
525 364
604 963
193 653
772 842
821 650
765 316
606 271
69 274
656 748
151 79
825 585
274 499
319 693
174 350
894 874
417 920
603 460
828 991
376 785
991 505
776 141
602 844
539 186
499 567
122 618
618 783
517 421
533 962
618 411
657 667
759 161
894 337
437 910
478 108
838 826
821 609
894 59
235 799
69 75
141 134
376 572
421 180
844 99
193 354
274 619
192 925
700 91
799 632
193 153
874 196
567 673
193 167
163 574
581 409
799 173
96 817
319 402
712 775
246 250
389 450
874 336
693 615
615 351
567 456
180 565
475 313
673 379
576 440
801 30
192 267
271 373
173 330
576 948
615 873
611 739
739 529
187 716
821 490
604 39
585 547
654 323
801 480
350 164
168 352
857 307
517 3
79 315
748 503
619 216
475 750
307 971
107 942
785 276
750 388
716 424
337 36
49 461
912 254
42 599
235 534
419 640
763 545
439 847
151 733
739 304
825 184
267 735
574 593
615 870
418 300
801 145
912 756
799 467
593 162
632 242
461 117
615 554
461 310
925 937
656 406
376 114
192 575
460 380
424 317
912 805
439 560
250 655
350 7
175 139
948 768
165 342
144 522
572 669
235 526
505 617
139 365
801 287
910 530
543 563
499 445
313 358
417 486
354 292
962 917
474 95
437 792
826 492
673 528
59 248
619 584
406 431
292 454
192 345
627 403
287 222
545 559
910 771
151 674
700 89
490 520
619 864
336 770
674 322
666 93
388 179
254 906
313 577
332 564
784 918
619 931
20 265
411 620
752 974
655 272
107 989
380 718
659 816
364 451
310 947
615 261
418 53
606 542
42 500
750 126
274 282
507 580
310 476
962 909
593 405
126 58
141 218
542 385
838 621
419 6
114 393
604 685
925 286
942 824
49 876
765 17
145 933
539 569
323 903
947 215
750 614
917 35
267 740
542 392
611 518
560 157
310 853
388 72
216 125
476 707
937 371
3 808
903 916
948 839
3 230
174 985
77 515
650 61
564 840
75 901
560 466
380 881
653 790
768 501
771 626
611 349
307 479
322 506
667 995
221 762
614 105
297 893
471 195
770 556
618 882
186 766
669 949
937 133
215 812
917 662
685 982
59 827
467 148
870 87
792 686
126 924
105 914
925 939
805 952
96 725
971 465
330 869
559 181
376 709
816 429
869 889
918 205
162 198
164 27
316 71
96 160
261 237
768 56
198 101
530 856
587 324
157 493
164 697
75 724
216 713
153 10
763 519
105 774
816 38
763 491
991 508
520 884
79 880
920 570
985 377
222 779
947 758
38 70
805 878
337 956
486 63
56 182
499 737
843 732
509 238
79 746
332 531
373 675
662 719
889 339
424 263
869 945
545 341
627 400
617 705
431 845
995 524
618 279
779 244
465 837
547 228
952 102
317 234
158 643
493 992
713 355
917 689
267 859
171 130
467 551
405 82
287 803
193 340
643 270
429 923
270 329
345 166
56 810
56 958
693 858
161 702
292 895
541 861
545 240
748 146
478 613
864 598
962 94
276 987
528 147
272 616
182 78
878 721
501 953
409 741
758 773
315 734
560 121
941 646
522 663
949 668
741 46
844 321
587 86
724 269
254 219
59 112
719 568
533 257
662 800
700 280
147 289
762 579
956 552
86 370
659 45
418 665
657 301
393 830
615 588
783 678
937 703
491 483
859 813
770 915
810 807
773 142
246 64
507 23
529 288
70 152
467 550
709 934
613 600
409 368
821 225
587 249
817 680
400 513
541 698
539 428
365 751
650 16
95 90
27 596
725 571
377 214
724 462
626 118
816 407
403 597
940 690
364 185
598 2
508 535
941 464
517 877
843 203
141 727
316 744
939 973
71 434
821 100
889 390
385 34
803 32
570 879
244 791
697 57
146 736
379 630
265 731
646 5
315 930
160 258
606 52
718 996
238 983
810 217
533 647
39 290
58 883
758 28
192 85
748 416
666 943
16 997
205 652
20 143
168 150
163 386
565 47
956 401
56 285
450 638
464 284
460 232
554 396
653 169
122 113
779 911
307 140
217 104
859 438
161 84
585 441
39 639
483 367
531 204
460 589
418 723
805 829
133 951
185 966
770 312
491 404
153 608
759 482
805 661
632 488
490 362
234 201
351 120
721 959
122 896
724 4
6 425
340 562
34 976
656 561
606 841
639 898
89 742
552 251
2 769
564 822
564 921
940 764
316 277
925 359
667 819
34 11
506 333
783 538
104 477
531 886
948 420
184 197
131 227
322 455
321 954
539 846
367 135
774 645
254 510
323 73
878 907
675 592
561 68
396 818
830 623
762 814
930 470
505 745
267 264
52 595
762 798
707 651
921 353
844 927
462 672
769 888
485 18
313 296
945 578
739 55
437 422
474 443
23 154
656 904
925 781
814 487
486 981
376 80
130 688
157 243
450 209
230 684
613 967
300 453
445 862
218 366
856 833
198 964
638 283
693 558
150 802
843 458
545 979
286 226
482 755
80 224
102 637
889 622
461 328
420 984
646 170
847 116
884 809
36 178
377 484
79 106
257 489
859 12
869 1000
693 344
170 605
505 446
100 48
592 149
26 546
744 326
530 338
112 433
561 935
814 749
732 343
921 831
639 306
493 694
947 536
959 855
545 247
142 481
221 199
748 743
974 432
144 25
928 202
102 683
559 255
595 410
598 591
876 633
736 804
390 191
538 320
271 426
805 788
472 65
818 231
940 926
336 806
845 975
943 447
237 305
578 753
818 463
742 469
158 892
118 260
405 555
416 172
864 311
301 629
3 795
622 119
336 980
638 24
964 815
72 960
170 435
350 820
351 504
866 442
751 823
286 188
759 516
719 872
643 155
343 278
733 648
341 891
903 796
547 423
86 854
323 836
506 679
725 331
790 208
694 929
247 374
306 347
23 387
984 372
531 382
362 369
669 189
826 327
517 708
507 835
763 361
975 664
847 412
149 682
812 631
431 273
694 890
733 414
47 777
662 15
276 549
30 213
331 408
503 811
785 220
203 717
690 511
56 919
440 714
100 76
421 129
414 29
405 413
600 200
830 496
807 852
96 908
625 701
847 335
179 457
513 381
812 98
451 44
337 610
345 318
711 944
143 309
225 430
125 660
723 936
845 1
922 357
686 51
852 190
466 136
748 946
762 548
82 54
548 348
319 537
617 544
290 715
141 521
675 266
416 738
697 965
456 863
551 395
143 262
187 512
410 123
365 183
996 658
795 726
99 241
727 452
324 127
371 998
877 977
499 444
715 757
59 566
639 514
531 649
908 728
111 275
191 74
349 124
756 281
771 849
333 699
324 993
261 710
838 642
479 436
982 635
653 397
218 573
954 671
119 871
246 415
966 913
560 325
476 427
247 128
237 868
73 207
936 557
262 494
868 41
348 761
332 540
909 229
617 502
288 236
621 40
27 786
929 81
906 986
667 706
766 583
940 346
412 473
80 294
216 137
682 782
996 641
892 308
651 383
492 729
517 754
927 760
403 449
715 747
760 676
509 394
674 66
803 459
715 553
799 527
626 22
786 115
145 495
193 887
553 601
185 334
904 314
906 834
352 950
5 691
174 302
922 832
362 384
297 789
740 970
150 720
503 19
893 851
508 897
270 797
673 692
939 13
563 955
547 644
447 636
215 885
499 767
680 988
396 88
702 780
898 905
461 132
433 363
705 360
761 33
945 628
80 607
600 239
653 378
979 210
4 498
515 532
461 670
511 37
785 704
462 92
861 138
373 468
39 83
388 999
888 67
540 268
173 860
412 787
330 252
162 778
672 8
123 399
509 448
110 730
142 793
136 972
167 696
531 990
309 223
332 695
720 303
780 624
471 875
370 900
911 9
196 968
580 902
707 14
1000 245
258 356
800 932
115 994
6 177
890 687
107 899
557 722
102 865
545 590
712 62
169 159
469 293
287 176
872 31
869 497
80 375
432 299
36 867
310 256
650 523
249 612
555 97
369 586
895 582
702 794
355 206
455 233
269 259
421 60
640 398
792 291
364 212
512 938
740 391
42 634
237 109
608 194
567 43
76 961
777 103
400 848
979 21
968 850
498 978
809 594
819 253
1000
437 581
581 474
581 752
581 221
752 912
474 69
752 20
437 894
894 517
221 928
221 122
928 439
912 50
50 659
122 666
221 174
174 677
894 969
928 627
174 158
122 625
894 711
221 417
625 603
659 801
677 654
50 602
417 175
221 418
158 297
602 389
603 235
581 165
627 525
69 77
627 712
928 606
801 485
418 478
235 187
517 131
659 772
602 49
235 922
602 784
912 576
389 940
77 957
957 156
801 26
940 319
77 681
666 472
922 611
474 111
77 96
174 543
478 110
69 821
603 376
187 107
131 857
26 657
711 843
437 298
857 539
677 419
928 700
174 941
437 171
543 168
297 656
418 151
821 825
156 295
677 765
606 163
478 587
602 828
581 144
111 509
606 763
175 475
666 507
507 332
752 541
319 211
772 776
821 246
439 192
627 533
475 604
928 759
801 838
838 866
111 42
894 193
144 471
332 364
472 963
171 653
509 842
842 650
151 316
507 271
581 274
419 748
156 79
165 585
517 499
79 693
478 350
576 874
474 920
922 460
319 991
419 785
295 505
957 141
602 844
838 186
175 567
79 618
507 783
471 421
141 962
298 411
752 667
246 161
141 337
533 910
844 108
772 826
785 609
192 59
509 799
581 75
165 134
297 572
26 180
20 99
175 354
533 619
376 925
765 91
611 632
650 153
925 196
609 673
821 167
609 574
673 409
632 173
712 817
517 402
957 775
576 250
763 450
838 336
364 615
609 351
411 456
144 565
627 313
192 379
42 440
110 30
336 267
632 373
91 330
539 948
330 873
474 739
587 529
79 716
894 490
440 39
785 547
193 323
712 480
565 164
826 352
173 307
957 3
962 315
739 503
165 216
485 750
336 971
472 942
799 276
857 388
666 424
111 36
250 461
602 254
606 599
942 534
632 640
134 545
186 847
319 733
611 304
350 184
450 735
161 593
533 870
196 300
156 145
337 756
825 467
581 162
297 242
151 117
910 554
625 310
948 937
503 406
406 114
406 575
739 380
971 317
389 805
783 560
873 655
667 7
317 139
111 768
274 342
276 522
310 669
539 526
585 617
274 365
611 287
151 530
315 563
763 445
196 358
168 486
471 292
485 917
99 95
20 792
763 492
615 528
313 248
627 584
437 431
917 454
96 345
351 403
107 222
403 559
406 771
826 674
440 89
940 520
175 864
545 770
700 322
567 93
602 179
584 906
373 577
139 564
110 918
480 931
539 265
50 620
554 974
186 272
917 989
141 718
847 816
480 451
817 947
330 261
941 53
406 542
345 500
171 126
53 282
632 580
345 476
962 909
351 405
456 58
445 218
716 385
529 621
847 6
948 393
584 685
653 286
910 824
520 876
948 17
144 933
298 569
298 903
58 215
606 614
539 35
700 740
673 392
313 518
541 157
783 853
196 72
805 125
533 707
276 371
602 808
770 916
653 839
486 230
920 985
3 515
192 61
560 840
587 901
230 466
134 881
756 790
866 501
295 626
467 349
193 479
211 506
506 995
750 762
799 105
545 893
560 195
287 556
653 882
627 766
485 949
894 133
740 812
7 662
995 982
759 827
963 148
733 87
332 686
30 924
409 914
575 939
674 952
261 725
707 465
799 869
621 181
821 709
486 429
292 889
618 205
39 198
790 27
409 71
914 160
920 237
989 56
421 101
315 856
295 324
406 493
989 697
451 724
122 713
942 10
162 519
165 774
906 38
254 491
450 508
6 884
248 880
492 570
825 377
456 779
376 758
478 70
307 878
99 956
50 63
506 182
403 737
364 732
864 238
901 746
563 531
63 675
71 719
817 339
26 263
153 945
884 341
685 400
379 705
559 845
962 524
784 279
653 244
181 837
765 228
752 102
479 234
520 643
70 992
198 355
478 689
337 859
837 130
406 551
599 82
392 803
460 340
168 270
918 923
508 329
873 166
530 810
554 958
254 858
130 702
134 895
379 861
429 240
89 146
272 613
182 598
893 94
810 987
606 147
903 616
456 78
17 721
529 953
910 741
403 773
393 734
783 121
653 646
82 663
569 668
853 46
941 321
524 86
653 269
547 219
77 112
707 568
989 257
265 800
53 280
282 289
379 579
772 552
79 370
632 45
626 665
324 301
486 830
400 588
91 678
576 703
775 483
373 813
655 915
735 807
529 142
107 64
713 23
620 288
627 152
385 550
941 934
287 600
843 368
3 225
38 249
750 680
915 513
974 698
712 428
805 751
918 16
279 90
180 596
456 571
261 214
163 462
492 118
673 407
735 597
456 690
145 185
467 2
102 535
166 464
772 877
531 203
248 727
340 744
393 973
78 434
816 100
288 390
131 34
181 32
322 879
69 791
859 57
234 736
392 630
655 731
108 5
186 930
655 258
759 52
145 996
228 983
298 217
125 647
298 290
824 883
350 28
228 85
298 416
87 943
298 997
733 652
85 143
121 150
599 386
937 47
895 401
313 285
640 638
492 284
758 232
937 396
869 169
86 113
528 911
673 140
59 104
157 438
479 84
567 441
948 639
763 367
56 204
165 589
211 723
653 829
599 951
405 966
99 312
464 404
653 608
587 482
870 661
805 488
445 362
287 201
535 120
522 959
554 896
690 4
485 425
304 562
319 976
945 561
421 841
77 898
909 742
507 251
613 769
680 822
237 921
845 764
742 277
677 359
657 819
776 11
429 333
734 538
810 477
705 886
608 420
842 197
689 227
225 455
783 954
737 846
845 135
7 645
824 510
666 73
286 907
349 592
261 68
878 818
75 623
336 814
373 470
619 745
261 264
486 595
78 798
689 651
775 353
824 927
52 672
575 888
462 18
295 296
501 578
475 55
461 422
507 443
931 154
377 904
803 781
663 487
287 981
725 80
89 688
911 243
652 209
122 684
592 967
901 453
319 862
437 366
733 833
554 964
889 283
69 558
564 802
365 458
450 979
283 226
927 755
748 224
941 637
686 622
841 328
697 984
530 170
485 116
222 809
204 178
857 484
637 106
227 489
295 12
959 1000
824 344
130 605
160 446
765 48
627 149
654 546
358 326
809 338
857 433
450 935
407 749
873 343
290 831
461 306
100 694
531 536
526 855
79 247
161 481
405 199
474 743
106 432
125 25
866 202
277 683
101 255
113 410
491 591
881 633
377 804
110 191
716 320
47 426
824 788
942 65
215 231
831 926
140 806
503 975
500 447
524 305
445 753
167 463
506 469
437 892
290 260
165 555
652 172
510 311
340 629
483 795
878 119
167 980
101 24
440 815
27 960
718 435
515 820
111 504
781 442
122 823
584 188
58 516
321 872
95 155
243 278
313 648
697 891
673 796
354 423
546 854
560 836
662 679
424 331
410 208
723 929
551 374
218 347
987 387
258 372
673 382
424 369
428 189
49 327
844 708
910 835
479 361
639 664
411 412
168 682
750 631
772 273
805 890
541 414
113 777
802 15
423 549
712 213
218 408
592 811
513 220
939 717
949 511
881 919
182 714
935 76
226 129
626 29
94 413
576 200
956 496
94 852
546 908
546 701
161 335
669 457
235 381
197 98
323 44
304 610
651 318
447 944
528 309
734 430
316 660
434 936
463 1
149 357
689 51
746 190
716 136
377 946
746 548
682 54
169 348
267 537
552 544
28 715
518 521
645 266
958 738
18 965
936 863
575 395
366 262
403 512
533 123
265 183
512 658
4 726
265 241
322 452
707 127
734 998
753 977
270 444
16 757
804 566
956 514
191 649
280 728
923 275
622 74
893 124
29 281
924 849
80 699
369 993
250 710
405 642
20 436
788 635
681 397
723 573
401 671
985 871
94 415
431 913
53 325
585 427
462 128
48 868
993 207
327 557
863 494
192 41
781 761
237 540
796 229
647 502
963 236
436 40
579 786
826 81
108 986
231 706
304 583
304 346
739 473
920 294
679 137
829 782
416 641
230 308
546 383
396 729
387 754
276 760
871 449
225 747
666 676
163 394
286 66
847 459
942 553
146 527
493 22
829 115
355 495
211 887
134 601
155 334
817 314
772 834
858 950
653 691
99 302
858 832
277 384
839 789
593 970
180 720
349 19
49 851
288 897
377 797
963 692
728 13
717 955
845 644
149 636
643 885
581 767
616 988
222 88
893 780
370 905
512 132
95 363
911 360
517 33
775 628
617 607
614 239
301 378
484 210
651 498
652 532
348 670
709 37
605 704
205 92
362 138
819 468
564 83
741 999
100 67
564 268
312 860
274 787
756 252
748 778
571 8
369 399
132 448
996 730
443 793
207 972
987 696
852 990
237 223
174 695
431 303
760 624
467 875
114 900
309 9
937 968
632 902
470 14
642 245
737 356
357 932
351 994
815 177
672 687
122 899
912 722
563 865
926 590
395 62
654 159
316 293
416 176
147 31
793 497
101 375
650 299
741 867
724 256
690 523
124 612
910 97
602 586
308 582
749 794
822 206
789 233
3 259
472 60
307 398
244 291
770 212
536 938
661 391
18 634
932 109
93 194
576 43
969 961
467 103
818 848
915 21
751 850
735 978
768 594
734 253
1000
437 581
437 474
474 752
581 221
437 912
912 69
69 20
221 894
581 517
912 928
474 122
517 439
894 50
517 659
20 666
581 174
174 677
581 969
20 627
666 158
221 625
221 711
158 417
50 603
174 801
221 654
928 602
517 175
158 418
417 297
711 389
654 235
20 165
20 525
235 77
801 712
297 606
581 485
625 478
122 187
894 131
235 772
437 49
928 922
474 784
77 576
175 940
221 957
654 156
659 26
156 319
69 681
20 472
417 611
772 111
912 96
957 543
417 110
69 821
517 376
581 107
969 857
659 657
681 843
576 298
625 539
843 419
784 700
654 941
221 171
821 168
957 656
941 151
376 825
376 295
941 765
168 163
478 587
295 828
659 144
581 509
297 763
654 475
539 507
587 332
627 541
69 211
437 776
111 246
419 192
156 533
543 604
940 759
912 838
50 866
246 42
69 193
297 471
389 364
419 963
606 653
156 842
801 650
763 316
175 271
122 274
389 748
474 79
801 585
437 499
235 693
603 350
474 874
659 920
533 460
211 991
866 785
604 505
941 141
602 844
941 186
587 567
144 618
618 783
158 421
618 962
376 411
509 667
171 161
801 337
298 910
175 108
158 826
681 609
606 59
677 799
659 75
211 134
79 572
576 180
186 99
180 354
42 619
186 925
186 91
941 632
910 153
765 196
421 673
602 167
627 574
165 409
337 173
174 817
99 402
752 775
618 250
50 450
585 336
826 615
711 351
336 456
525 565
821 313
69 379
409 440
437 30
141 267
77 373
866 330
912 948
677 873
910 739
156 529
180 716
330 490
752 39
565 547
576 323
246 480
572 164
539 352
922 307
316 3
838 315
175 503
373 216
354 750
167 971
211 942
801 276
759 388
539 424
942 36
838 461
332 254
817 599
131 534
503 640
156 545
543 847
581 733
352 304
654 184
517 735
928 593
817 870
474 300
134 145
187 756
857 467
681 162
627 242
184 117
168 554
545 310
3 937
26 406
352 114
873 575
619 380
712 317
364 805
42 560
581 655
756 7
733 139
421 768
656 342
615 522
847 669
632 526
402 617
187 365
602 287
838 530
673 563
666 445
499 358
365 486
332 292
575 917
941 95
969 792
20 492
576 528
750 248
216 584
319 431
632 454
26 345
480 403
409 222
507 559
752 771
417 674
389 89
409 520
563 864
735 770
529 322
276 93
114 179
267 906
417 577
894 564
167 918
735 931
565 265
171 620
918 974
654 272
99 989
30 718
478 816
192 451
406 947
547 261
667 53
611 542
533 500
925 126
196 282
93 580
313 476
574 909
770 405
75 58
603 218
145 385
620 621
89 6
480 393
712 685
424 286
287 824
974 876
175 17
323 933
499 569
235 903
627 215
310 614
500 35
681 740
180 392
711 518
739 157
271 853
385 72
107 125
287 707
164 371
26 808
180 916
526 839
58 230
937 985
265 515
771 61
419 840
748 901
563 466
287 881
337 790
319 501
909 626
839 349
405 479
534 506
431 995
298 762
750 105
768 893
750 195
174 556
216 882
640 766
756 949
505 133
345 812
424 662
403 982
134 827
6 148
541 87
991 686
821 924
627 914
174 939
371 952
388 725
576 465
949 869
267 181
310 709
750 429
271 889
716 205
565 198
580 27
735 71
853 160
307 237
857 56
162 101
157 856
541 324
342 493
505 697
99 724
669 713
174 10
134 519
821 774
216 38
686 491
316 508
193 884
718 880
824 570
677 377
947 779
625 758
6 70
389 878
989 956
870 63
50 182
171 737
956 732
53 238
918 746
411 531
114 675
924 719
910 339
576 263
141 945
133 341
221 400
941 705
59 845
490 524
509 279
748 244
246 837
157 228
184 102
808 234
10 643
179 992
322 355
126 689
319 859
685 130
272 551
466 82
162 803
989 340
969 270
697 923
995 329
235 166
465 810
402 958
261 858
856 702
923 895
350 861
235 240
424 146
161 613
654 598
825 94
737 987
58 147
122 616
439 78
198 721
146 953
893 741
75 773
519 734
858 121
456 646
845 663
87 668
779 46
145 321
685 86
989 269
101 219
707 112
471 568
584 257
939 800
870 280
534 289
271 579
740 552
148 370
737 45
842 665
167 301
816 830
181 588
491 678
816 703
126 483
144 813
380 915
958 807
307 142
716 64
668 23
575 288
768 152
122 550
234 934
282 600
287 368
187 225
810 249
171 680
922 513
175 698
10 428
263 751
598 16
513 90
947 596
737 571
621 214
485 462
406 118
801 407
530 597
963 690
783 185
765 2
130 535
215 464
530 877
686 203
686 727
289 744
937 973
600 434
340 100
342 390
735 34
26 32
50 879
697 791
953 57
909 736
35 630
839 731
666 5
267 930
471 258
330 52
604 996
775 983
889 217
716 647
842 290
763 883
307 28
519 85
750 416
27 943
640 997
225 652
596 143
817 150
973 386
542 47
524 401
28 285
87 638
164 284
734 232
923 396
144 169
187 113
370 911
953 140
26 104
416 438
389 84
773 441
876 639
261 367
156 204
248 589
471 723
713 829
830 951
304 966
490 312
737 404
963 608
349 482
181 661
146 488
853 362
483 201
196 120
600 959
499 896
107 4
668 425
35 562
499 976
139 561
79 841
373 898
196 742
439 251
392 769
509 822
713 921
140 764
479 277
271 359
895 819
740 11
165 333
390 538
943 477
126 886
477 420
940 197
379 227
182 455
880 954
957 846
930 135
603 645
329 510
145 73
261 907
992 592
130 68
928 818
922 623
227 814
232 470
222 745
685 264
204 595
991 798
228 651
945 353
441 927
668 672
78 888
915 18
575 296
491 578
828 55
656 422
896 443
164 154
333 904
565 781
339 487
349 981
68 80
485 688
910 243
974 209
277 684
89 967
139 453
876 862
531 366
4 833
466 964
845 283
609 558
246 802
228 458
506 979
89 226
35 755
240 224
721 637
499 622
270 328
764 984
240 170
322 116
920 809
939 178
5 484
221 106
147 489
593 12
805 1000
165 344
180 605
798 446
992 48
830 149
110 546
79 326
954 338
705 433
888 935
250 749
561 343
36 831
546 306
438 694
178 536
147 855
559 247
316 481
621 199
249 743
455 432
300 25
876 202
991 683
237 255
805 410
477 591
319 633
345 804
861 191
915 320
974 426
108 788
702 65
178 231
227 926
662 806
486 975
59 447
16 305
916 753
963 463
330 469
433 892
269 260
182 555
859 172
698 311
756 629
529 795
172 119
126 980
113 24
666 815
591 960
981 435
903 820
693 504
251 442
947 823
574 188
477 516
568 872
456 155
100 278
311 648
283 891
858 796
301 423
707 854
966 836
426 679
488 331
140 208
567 929
524 374
546 347
971 387
718 372
518 382
816 369
55 189
599 327
915 708
702 835
874 361
964 664
476 412
664 682
163 631
552 273
558 890
869 414
39 777
623 15
716 549
577 213
277 408
581 811
690 220
283 717
180 511
877 919
637 714
650 76
133 129
773 29
393 413
270 200
126 496
681 852
220 908
632 701
619 335
872 457
743 381
80 98
675 44
101 610
881 318
78 944
269 309
989 430
377 660
952 936
623 1
773 357
209 51
322 190
561 136
809 946
59 548
522 54
737 348
954 537
317 544
763 715
463 521
519 266
591 738
51 965
462 863
930 395
513 262
779 512
748 123
916 183
544 658
265 726
982 241
434 452
385 127
544 998
327 977
568 444
90 757
651 566
935 514
392 649
743 728
345 275
768 74
496 124
604 281
188 849
977 699
211 993
246 710
32 642
743 436
705 635
731 397
703 573
559 671
374 871
361 415
481 913
892 325
61 427
852 128
406 868
847 207
338 557
221 494
127 41
894 761
499 540
44 229
509 502
750 236
959 40
104 786
745 81
205 986
266 706
81 583
136 346
371 473
243 294
661 137
376 782
795 641
478 308
165 383
782 729
888 754
442 760
290 449
118 747
234 676
558 394
149 66
739 459
829 553
643 527
925 22
537 115
718 495
485 887
539 601
127 334
216 314
958 834
329 950
912 691
729 302
302 832
475 384
512 789
102 970
904 720
174 19
280 851
723 897
967 797
748 692
78 13
691 955
327 644
825 636
361 885
120 767
362 988
981 88
88 780
174 905
693 132
499 363
6 360
434 33
664 628
856 607
495 239
294 378
54 210
123 498
228 532
110 670
249 37
283 704
519 92
711 138
329 468
991 83
197 999
156 67
418 268
87 860
141 787
633 252
639 778
727 8
668 399
671 448
959 730
735 793
80 972
797 696
642 990
748 223
926 695
157 303
501 624
54 875
162 900
909 9
252 968
288 902
185 14
622 245
583 356
769 932
993 994
593 177
608 687
574 899
437 722
926 865
444 590
706 62
128 159
831 293
792 176
883 31
668 497
628 375
389 299
791 867
534 256
45 523
313 612
842 97
801 586
146 582
520 794
522 206
642 233
466 259
359 60
328 398
87 291
96 212
418 938
657 391
492 634
64 109
812 194
947 43
186 961
251 103
509 848
327 21
184 850
157 978
876 594
485 253
