1.37500000
1.00000000
2.83593750
15.34375000
1.00006056
1.00000083
1.00222015
52.00000000
1.00000012
25.75000000
53.62500000
1.01562500
1.00000000
49.87500000
1.00000108
1.00000183
1.05737305
1.06445312
2.37500000
1.00000039
1.00857544
1.00000000
3.25000000
1.00000608
1.17626953
173.00000000
1.00000032
3.78125000
4.37500000
11.78125000
1.00000302
1.00000013
1.00000032
5.75000000
2.02343750
1.19677734
1.00000102
1.00002635
1.00091934
14.00000000
1.00085068
5.09375000
2.02343750
1.00000000
500.00000000
1.00000000
1.37500000
250.00000000
1.00000000
2.00000000
