150
0
1
2
7
8
9
26
27
28
63
64
65
124
125
126
215
216
217
342
343
344
511
512
513
728
729
730
999
1000
1001
1330
1331
1332
1727
1728
1729
2196
2197
2198
2743
2744
2745
3374
3375
3376
4095
4096
4097
4912
4913
4914
5831
5832
5833
6858
6859
6860
7999
8000
8001
9260
9261
9262
10647
10648
10649
12166
12167
12168
13823
13824
13825
15624
15625
15626
17575
17576
17577
19682
19683
19684
21951
21952
21953
24388
24389
24390
26999
27000
27001
29790
29791
29792
32767
32768
32769
35936
35937
35938
39303
39304
39305
42874
42875
42876
46655
46656
46657
50652
50653
50654
54871
54872
54873
59318
59319
59320
63999
64000
64001
68920
68921
68922
74087
74088
74089
79506
79507
79508
85183
85184
85185
91124
91125
91126
97335
97336
97337
103822
103823
103824
110591
110592
110593
117648
117649
117650
124999
125000
125001
