1
1

2
1 4

3
1 1 2

10
1 1 1 1 1 1 1 1 1 1

15
2 4 6 8 10 14 18 22 26 30 34 38 42 46 50

2000
1 2 3 4 5 6 7 8 9 10 11 12 13 14 15 16 17 18 19 20 21 22 23 24 25 26 27 28 29 30 31 32 33 34 35 36 37 38 39 40 41 42 43 44 45 46 47 48 49 50 51 52 53 54 55 56 57 58 59 60 61 62 63 64 65 66 67 68 69 70 71 72 73 74 75 76 77 78 79 80 81 82 83 84 85 86 87 88 89 90 91 92 93 94 95 96 97 98 99 100 101 102 103 104 105 106 107 108 109 110 111 112 113 114 115 116 117 118 119 120 121 122 123 124 125 126 127 128 129 130 131 132 133 134 135 136 137 138 139 140 141 142 143 144 145 146 147 148 149 150 151 152 153 154 155 156 157 158 159 160 161 162 163 164 165 166 167 168 169 170 171 172 173 174 175 176 177 178 179 180 181 182 183 184 185 186 187 188 189 190 191 192 193 194 195 196 197 198 199 200 201 202 203 204 205 206 207 208 209 210 211 212 213 214 215 216 217 218 219 220 221 222 223 224 225 226 227 228 229 230 231 232 233 234 235 236 237 238 239 240 241 242 243 244 245 246 247 248 249 250 251 252 253 254 255 256 257 258 259 260 261 262 263 264 265 266 267 268 269 270 271 272 273 274 275 276 277 278 279 280 281 282 283 284 285 286 287 288 289 290 291 292 293 294 295 296 297 298 299 300 301 302 303 304 305 306 307 308 309 310 311 312 313 314 315 316 317 318 319 320 321 322 323 324 325 326 327 328 329 330 331 332 333 334 335 336 337 338 339 340 341 342 343 344 345 346 347 348 349 350 351 352 353 354 355 356 357 358 359 360 361 362 363 364 365 366 367 368 369 370 371 372 373 374 375 376 377 378 379 380 381 382 383 384 385 386 387 388 389 390 391 392 393 394 395 396 397 398 399 400 401 402 403 404 405 406 407 408 409 410 411 412 413 414 415 416 417 418 419 420 421 422 423 424 425 426 427 428 429 430 431 432 433 434 435 436 437 438 439 440 441 442 443 444 445 446 447 448 449 450 451 452 453 454 455 456 457 458 459 460 461 462 463 464 465 466 467 468 469 470 471 472 473 474 475 476 477 478 479 480 481 482 483 484 485 486 487 488 489 490 491 492 493 494 495 496 497 498 499 500 501 502 503 504 505 506 507 508 509 510 511 512 513 514 515 516 517 518 519 520 521 522 523 524 525 526 527 528 529 530 531 532 533 534 535 536 537 538 539 540 541 542 543 544 545 546 547 548 549 550 551 552 553 554 555 556 557 558 559 560 561 562 563 564 565 566 567 568 569 570 571 572 573 574 575 576 577 578 579 580 581 582 583 584 585 586 587 588 589 590 591 592 593 594 595 596 597 598 599 600 601 602 603 604 605 606 607 608 609 610 611 612 613 614 615 616 617 618 619 620 621 622 623 624 625 626 627 628 629 630 631 632 633 634 635 636 637 638 639 640 641 642 643 644 645 646 647 648 649 650 651 652 653 654 655 656 657 658 659 660 661 662 663 664 665 666 667 668 669 670 671 672 673 674 675 676 677 678 679 680 681 682 683 684 685 686 687 688 689 690 691 692 693 694 695 696 697 698 699 700 701 702 703 704 705 706 707 708 709 710 711 712 713 714 715 716 717 718 719 720 721 722 723 724 725 726 727 728 729 730 731 732 733 734 735 736 737 738 739 740 741 742 743 744 745 746 747 748 749 750 751 752 753 754 755 756 757 758 759 760 761 762 763 764 765 766 767 768 769 770 771 772 773 774 775 776 777 778 779 780 781 782 783 784 785 786 787 788 789 790 791 792 793 794 795 796 797 798 799 800 801 802 803 804 805 806 807 808 809 810 811 812 813 814 815 816 817 818 819 820 821 822 823 824 825 826 827 828 829 830 831 832 833 834 835 836 837 838 839 840 841 842 843 844 845 846 847 848 849 850 851 852 853 854 855 856 857 858 859 860 861 862 863 864 865 866 867 868 869 870 871 872 873 874 875 876 877 878 879 880 881 882 883 884 885 886 887 888 889 890 891 892 893 894 895 896 897 898 899 900 901 902 903 904 905 906 907 908 909 910 911 912 913 914 915 916 917 918 919 920 921 922 923 924 925 926 927 928 929 930 931 932 933 934 935 936 937 938 939 940 941 942 943 944 945 946 947 948 949 950 951 952 953 954 955 956 957 958 959 960 961 962 963 964 965 966 967 968 969 970 971 972 973 974 975 976 977 978 979 980 981 982 983 984 985 986 987 988 989 990 991 992 993 994 995 996 997 998 999 1000 1001 1002 1003 1004 1005 1006 1007 1008 1009 1010 1011 1012 1013 1014 1015 1016 1017 1018 1019 1020 1021 1022 1023 1024 1025 1026 1027 1028 1029 1030 1031 1032 1033 1034 1035 1036 1037 1038 1039 1040 1041 1042 1043 1044 1045 1046 1047 1048 1049 1050 1051 1052 1053 1054 1055 1056 1057 1058 1059 1060 1061 1062 1063 1064 1065 1066 1067 1068 1069 1070 1071 1072 1073 1074 1075 1076 1077 1078 1079 1080 1081 1082 1083 1084 1085 1086 1087 1088 1089 1090 1091 1092 1093 1094 1095 1096 1097 1098 1099 1100 1101 1102 1103 1104 1105 1106 1107 1108 1109 1110 1111 1112 1113 1114 1115 1116 1117 1118 1119 1120 1121 1122 1123 1124 1125 1126 1127 1128 1129 1130 1131 1132 1133 1134 1135 1136 1137 1138 1139 1140 1141 1142 1143 1144 1145 1146 1147 1148 1149 1150 1151 1152 1153 1154 1155 1156 1157 1158 1159 1160 1161 1162 1163 1164 1165 1166 1167 1168 1169 1170 1171 1172 1173 1174 1175 1176 1177 1178 1179 1180 1181 1182 1183 1184 1185 1186 1187 1188 1189 1190 1191 1192 1193 1194 1195 1196 1197 1198 1199 1200 1201 1202 1203 1204 1205 1206 1207 1208 1209 1210 1211 1212 1213 1214 1215 1216 1217 1218 1219 1220 1221 1222 1223 1224 1225 1226 1227 1228 1229 1230 1231 1232 1233 1234 1235 1236 1237 1238 1239 1240 1241 1242 1243 1244 1245 1246 1247 1248 1249 1250 1251 1252 1253 1254 1255 1256 1257 1258 1259 1260 1261 1262 1263 1264 1265 1266 1267 1268 1269 1270 1271 1272 1273 1274 1275 1276 1277 1278 1279 1280 1281 1282 1283 1284 1285 1286 1287 1288 1289 1290 1291 1292 1293 1294 1295 1296 1297 1298 1299 1300 1301 1302 1303 1304 1305 1306 1307 1308 1309 1310 1311 1312 1313 1314 1315 1316 1317 1318 1319 1320 1321 1322 1323 1324 1325 1326 1327 1328 1329 1330 1331 1332 1333 1334 1335 1336 1337 1338 1339 1340 1341 1342 1343 1344 1345 1346 1347 1348 1349 1350 1351 1352 1353 1354 1355 1356 1357 1358 1359 1360 1361 1362 1363 1364 1365 1366 1367 1368 1369 1370 1371 1372 1373 1374 1375 1376 1377 1378 1379 1380 1381 1382 1383 1384 1385 1386 1387 1388 1389 1390 1391 1392 1393 1394 1395 1396 1397 1398 1399 1400 1401 1402 1403 1404 1405 1406 1407 1408 1409 1410 1411 1412 1413 1414 1415 1416 1417 1418 1419 1420 1421 1422 1423 1424 1425 1426 1427 1428 1429 1430 1431 1432 1433 1434 1435 1436 1437 1438 1439 1440 1441 1442 1443 1444 1445 1446 1447 1448 1449 1450 1451 1452 1453 1454 1455 1456 1457 1458 1459 1460 1461 1462 1463 1464 1465 1466 1467 1468 1469 1470 1471 1472 1473 1474 1475 1476 1477 1478 1479 1480 1481 1482 1483 1484 1485 1486 1487 1488 1489 1490 1491 1492 1493 1494 1495 1496 1497 1498 1499 1500 1501 1502 1503 1504 1505 1506 1507 1508 1509 1510 1511 1512 1513 1514 1515 1516 1517 1518 1519 1520 1521 1522 1523 1524 1525 1526 1527 1528 1529 1530 1531 1532 1533 1534 1535 1536 1537 1538 1539 1540 1541 1542 1543 1544 1545 1546 1547 1548 1549 1550 1551 1552 1553 1554 1555 1556 1557 1558 1559 1560 1561 1562 1563 1564 1565 1566 1567 1568 1569 1570 1571 1572 1573 1574 1575 1576 1577 1578 1579 1580 1581 1582 1583 1584 1585 1586 1587 1588 1589 1590 1591 1592 1593 1594 1595 1596 1597 1598 1599 1600 1601 1602 1603 1604 1605 1606 1607 1608 1609 1610 1611 1612 1613 1614 1615 1616 1617 1618 1619 1620 1621 1622 1623 1624 1625 1626 1627 1628 1629 1630 1631 1632 1633 1634 1635 1636 1637 1638 1639 1640 1641 1642 1643 1644 1645 1646 1647 1648 1649 1650 1651 1652 1653 1654 1655 1656 1657 1658 1659 1660 1661 1662 1663 1664 1665 1666 1667 1668 1669 1670 1671 1672 1673 1674 1675 1676 1677 1678 1679 1680 1681 1682 1683 1684 1685 1686 1687 1688 1689 1690 1691 1692 1693 1694 1695 1696 1697 1698 1699 1700 1701 1702 1703 1704 1705 1706 1707 1708 1709 1710 1711 1712 1713 1714 1715 1716 1717 1718 1719 1720 1721 1722 1723 1724 1725 1726 1727 1728 1729 1730 1731 1732 1733 1734 1735 1736 1737 1738 1739 1740 1741 1742 1743 1744 1745 1746 1747 1748 1749 1750 1751 1752 1753 1754 1755 1756 1757 1758 1759 1760 1761 1762 1763 1764 1765 1766 1767 1768 1769 1770 1771 1772 1773 1774 1775 1776 1777 1778 1779 1780 1781 1782 1783 1784 1785 1786 1787 1788 1789 1790 1791 1792 1793 1794 1795 1796 1797 1798 1799 1800 1801 1802 1803 1804 1805 1806 1807 1808 1809 1810 1811 1812 1813 1814 1815 1816 1817 1818 1819 1820 1821 1822 1823 1824 1825 1826 1827 1828 1829 1830 1831 1832 1833 1834 1835 1836 1837 1838 1839 1840 1841 1842 1843 1844 1845 1846 1847 1848 1849 1850 1851 1852 1853 1854 1855 1856 1857 1858 1859 1860 1861 1862 1863 1864 1865 1866 1867 1868 1869 1870 1871 1872 1873 1874 1875 1876 1877 1878 1879 1880 1881 1882 1883 1884 1885 1886 1887 1888 1889 1890 1891 1892 1893 1894 1895 1896 1897 1898 1899 1900 1901 1902 1903 1904 1905 1906 1907 1908 1909 1910 1911 1912 1913 1914 1915 1916 1917 1918 1919 1920 1921 1922 1923 1924 1925 1926 1927 1928 1929 1930 1931 1932 1933 1934 1935 1936 1937 1938 1939 1940 1941 1942 1943 1944 1945 1946 1947 1948 1949 1950 1951 1952 1953 1954 1955 1956 1957 1958 1959 1960 1961 1962 1963 1964 1965 1966 1967 1968 1969 1970 1971 1972 1973 1974 1975 1976 1977 1978 1979 1980 1981 1982 1983 1984 1985 1986 1987 1988 1989 1990 1991 1992 1993 1994 1995 1996 1997 1998 1999 2000
1895
1598 281 1070 1476 1769 184 630 91 1875 1496 137 1498 1514 572 1966 1004 154 1015 180 680 1259 566 1885 911 1845 1452 1659 671 530 943 10 137 1935 1137 1197 271 1814 1622 1157 1770 837 1577 56 1170 38 45 589 1007 1383 652 422 1926 113 1316 1239 1340 1302 1052 972 76 1925 1355 420 1626 1461 1990 1630 744 477 937 1660 890 455 1948 1495 1364 784 1474 820 730 1520 1376 1949 1804 842 1075 1754 1940 1141 1962 367 1868 759 1258 1240 209 1049 588 1873 1897 1921 1404 58 1397 1030 1227 640 1461 560 707 344 1713 204 1521 354 1341 498 1210 323 1706 1334 853 639 880 1769 667 1224 997 1649 200 1524 1841 337 1323 1320 1316 1793 1942 1272 1254 513 1153 1822 1546 1064 83 1985 545 52 461 1590 1785 1518 255 1153 971 141 1185 1483 1139 255 1030 1471 859 1841 597 1417 1305 328 1594 444 117 840 697 1291 673 772 1566 372 781 1338 680 871 525 971 314 1266 1720 845 1333 1071 476 496 1358 104 1481 1071 680 527 1415 1835 485 905 232 447 1532 1610 495 201 737 887 1944 509 725 963 1050 1067 1200 818 1120 1807 830 984 1179 603 221 1729 973 1569 1180 1443 135 323 1288 64 1056 821 1998 1634 123 463 886 1758 728 1988 1455 1844 1871 1162 981 621 656 907 1417 882 157 273 1516 351 43 1903 1956 1069 878 10 1245 740 1730 1042 1780 711 678 1344 488 352 800 422 1235 592 125 794 913 55 324 1011 687 307 849 582 1916 775 1774 39 1542 411 832 1876 1121 883 938 572 1228 630 944 1016 1405 1701 1023 1472 991 1296 200 1184 62 1245 261 1168 1938 1691 292 193 1998 1096 1443 423 338 788 861 1248 244 809 1249 1146 1377 407 1903 903 1525 472 729 962 1765 680 1423 490 331 1737 34 486 1987 692 855 717 661 167 1470 1010 1166 69 1702 1106 1070 129 983 1783 1425 8 1119 980 288 1639 1133 1021 1105 1345 1389 894 376 804 177 1483 886 744 1175 375 218 1661 867 43 1436 1690 1484 1829 1096 1725 326 1485 1259 889 298 651 1122 1210 496 895 602 1989 990 1553 1499 208 358 1534 123 230 1219 424 198 1008 959 1492 1397 444 340 1030 763 240 1044 972 1431 942 591 1524 1135 1792 57 840 1660 386 1930 1609 1847 1978 1382 158 448 543 1824 1042 1166 1926 1502 401 322 1773 1459 1914 1658 782 544 518 1472 82 966 1712 510 605 23 2 311 1758 408 1095 1259 1535 1345 677 905 605 1482 1559 969 1777 1940 1784 818 835 350 1733 654 298 1080 1048 1700 1286 1064 1539 1238 1372 310 1301 687 842 911 1702 1457 1831 948 1446 1142 1039 468 1716 1821 1198 1747 1186 1727 396 1118 1861 1550 501 221 305 264 572 1133 1 625 1660 201 1279 1368 1851 1049 1967 1061 230 1576 902 1929 457 844 1218 877 1764 1705 1645 1281 229 436 1149 2 629 1574 372 291 962 1018 1075 1421 1908 976 988 810 1816 857 535 1544 843 815 1010 1042 292 1034 1129 1955 1830 483 1039 1095 1273 1688 972 460 1388 59 1700 478 1174 607 1284 912 354 1361 315 1995 724 384 751 1242 683 470 677 1623 1799 1365 1214 990 1549 387 668 808 1983 650 1281 1556 459 966 188 1123 1841 162 61 1328 882 1607 1582 1029 286 1399 835 1397 934 1511 377 1805 1126 1619 474 900 503 1989 153 575 1282 1266 1486 1875 147 367 1846 573 1412 668 1275 1797 384 935 765 766 893 1673 1281 1542 219 55 51 1174 1526 362 118 1353 1319 1362 746 594 151 558 1444 733 682 931 1651 886 270 1786 509 170 1156 315 1068 1250 1035 1155 1418 1838 945 1990 520 1910 1761 684 1660 898 190 1782 281 1423 726 169 138 171 1792 980 1603 770 702 249 372 1742 1444 1864 1374 1437 1308 713 289 1573 411 801 1881 1850 400 65 564 1229 38 1265 1231 1575 1862 41 992 1128 1236 220 1723 1255 124 789 1488 1296 1711 1770 985 1156 777 1941 1633 146 12 461 717 1424 1838 546 1882 251 1646 789 1091 277 539 658 931 595 524 601 1042 536 1102 361 1279 401 1547 1768 697 1626 53 794 1411 1750 772 1985 1089 1223 374 765 1567 1539 1341 876 1822 616 1409 335 966 480 40 1959 1826 1876 89 454 1169 1261 1688 406 1880 1798 1708 554 745 1145 544 618 370 1934 6 116 157 592 793 1809 169 1342 210 1707 90 904 613 1044 1135 1912 1471 1294 832 1882 120 166 1353 1005 1899 540 1094 1297 1697 1745 1027 884 1864 499 1586 1069 106 1079 104 1667 921 1918 163 198 436 572 271 95 2000 442 1335 731 1888 616 1051 1375 1378 27 1352 1594 1982 311 434 1633 1999 1163 293 175 1326 1976 1172 509 884 100 1610 331 985 560 1567 570 1221 1433 1346 661 1482 164 1313 576 1139 408 1079 61 424 802 303 1185 584 671 1745 1147 14 1487 1404 1716 1146 1928 1950 152 1801 381 1755 1310 1008 1389 717 427 1689 1916 3 1133 82 650 749 1563 1586 1959 1893 1747 403 810 1020 1266 325 1535 1224 454 1254 988 1054 263 1134 1268 1464 1862 484 263 145 566 232 961 409 1245 1584 954 1455 981 642 152 312 1432 1444 144 1262 124 1842 666 122 1241 267 1973 540 1029 1809 1682 1537 776 269 361 456 925 902 1962 1331 938 1596 946 921 76 137 620 1508 594 953 987 257 1064 1369 1459 577 379 561 1904 1215 1785 669 1897 178 1962 1963 1400 528 1137 1572 1049 587 533 924 250 309 1138 277 1481 1405 1374 1000 99 592 103 1273 1731 1378 477 562 1046 334 1554 890 1049 1192 288 506 153 451 1152 1379 1995 1853 1556 386 1228 1733 662 1204 1197 1290 261 1536 728 565 1619 1986 229 870 655 743 785 1329 312 432 1746 606 1647 1625 82 588 1000 226 1850 108 1958 1869 1431 699 309 1836 15 199 368 1584 1181 157 403 1969 912 363 1819 732 99 1449 768 1497 117 729 1820 1336 719 1004 299 1904 800 1394 1662 1014 1747 298 1797 1876 120 1792 654 1363 324 805 1283 245 255 882 777 1242 238 1189 1879 1562 223 1153 1584 486 6 534 1086 719 1508 967 821 1595 1000 395 965 1552 1425 70 710 872 1099 1424 1513 1734 1325 1256 670 112 320 336 341 240 1914 1376 977 445 208 1902 1739 599 1334 887 1839 750 964 162 703 717 467 450 1333 679 1053 1148 1070 1668 1700 1899 340 1880 251 230 1099 476 160 8 535 794 63 1338 838 655 1905 1361 1923 1052 1091 555 1365 889 25 162 244 850 15 1609 331 154 1357 887 742 1933 17 1554 377 1312 1040 846 841 1076 18 1147 1157 619 660 782 3 1352 595 763 1970 1335 1519 334 99 862 1502 1950 1768 257 1263 67 1857 940 525 85 89 955 9 231 67 1300 711 58 693 1807 266 1243 1945 603 289 1490 197 1821 1733 1808 1464 77 1227 1603 359 699 285 905 780 1219 1271 1584 1407 1554 1504 1984 1875 1028 99 818 463 1138 1535 1154 1203 1545 1828 1597 239 1897 1616 581 1848 185 370 867 1954 1456 1714 757 1428 596 1267 459 1931 348 1982 181 1848 1151 372 1076 1333 1132 513 1334 102 1664 293 140 1177 1468 1207 1625 637 1192 1700 821 1284 330 440 1851 894 1702 719 998 907 271 518 1184 1716 1138 1439 993 466 1317 952 153 1674 1955 649 1437 105 717 1419 28 736 640 1526 1465 782 492 755 1540 1337 980 1552 189 391 1564 1551 699 1732 840 812 1371 115 326 1566 1968 164 416 165 1603 1717 715 1794 746 444 589 673 937 194 1822 1420 548 1745 1536 599 1618 1816 1331 1040 1312 451 1525 1703 960 1343 128 1231 632 1893 769 1459 1128 607 356 361 186 755 1012 510 1908 110 444 1474 1460 1179 1016 598 1635 1579 702 1378 1303 374 1536 1892 1871 244 168 891 158 498 836 1169 1094 1099 385 1576 1502 1456 376 282 1462 1997 287 217 1838 663 1433 277 1569 1475 137 1858 1317 350 1187 396 425 230 1366 72 1100 245 288 132 1542 462 9 1622 313 197 1720 580 1448 790 92 596 1680 1993 4 604 1449 1695 772 1912 1645 1692 1844 1601 1610 176 1639 374 337 111 193 1448 1567 1911 27 226 1461 126 57 472 1932 1658 426 1825 604 1648 88 1462 979 454 42 270 897 1682 1321 143 1978 342 546 545 1259 282 409 967 637 1356 1617 1970 342 507 1324 1245 825 818 1582 170 1900 532 1919 1699 1589 1220 719 204 605 1864 1381 1104 1142 1046 320 798 1621 473 1518 302 320 1425 1844 764 1570 1650 1462 1233 731 1393 137 1037 326 1621 1569 1101 1614 333 907 89 1032 556 593 1402 231 942 1296 1159 1350 1751 1155 821 1651 378 397 966 1807 1519 78 732 509 285 791 676 627 1065 1470 1774 1026 1459 991 1776 1341 1118 1980 577 1805 41 631 968 283 1291 1716 760 1613 86 81 1528 1144 1314 999 336 1454 1026 445 631 744 662 1722 366 443 461 1189 715 898 1543 1365 441 188 10 608 1127 1346 1418 901 871 746 1058 942 406 672 896 1382 1497 40 387 1076 82 1808 849 1497 1968 1073 45 1587 1129 308 1989 82 1303 1893 709 1135 1482 1197 237 1415 1772 319 479 323 86 1476 453 1017 755 653 1480 1796 252 1964 767 1683 1740 1515 1508 1122 508 612 1709 1629 1020 1625 448 954 59 1423 648 1155 880 718 1588 961 1089 818 950 160 1108 209 1879 1243 17 937 1820 1391 722 1187 1161 669 759 1063 921 541 1822 332 364 160 1067 552 1013 507 1648 326 1629 572 201 454 1460 541 442 1806 870 1997 1045 898 1517 1694 1910 823 978 1104 1651 672 93 1996 1618 616 1710 176 1984 1421 1019 1858 1471 1512 575 530 1960 1177 622 662 120 1324 1243 842 795 390 1117 903 1519 1829 1413 976 553 1965 808 567 1947 1343 340 1861 940 1598 939 1856 983 1737 1382 534 410 551 752 14 334 414 1451 526 245 1455 1650 754 
1656
1254 1386 1714 435 205 421 374 534 342 322 1861 1671 805 976 1089 1699 222 1224 835 1359 1155 87 1388 512 1025 1915 1788 1353 1720 1066 757 1740 886 500 1742 1639 1700 1765 522 666 849 1007 86 1071 601 490 21 1164 1447 2000 209 1553 53 633 1345 774 261 1347 13 893 501 160 1035 910 1932 1658 1416 846 775 1512 1640 947 1593 440 1732 1156 578 1236 303 1126 563 224 129 1972 179 1323 1817 1304 196 1673 426 1158 1701 1583 1519 1267 1910 33 1458 1707 1795 666 1248 203 525 232 1657 655 1956 626 800 400 420 1250 969 507 670 134 1025 299 908 1319 403 145 376 509 1305 1716 905 957 933 1778 1069 526 1001 1853 1588 1428 1728 1537 530 1133 1768 1153 321 881 1206 71 692 400 1833 521 1200 1681 645 774 1632 1595 197 128 1931 514 1945 838 291 488 1705 1666 1334 698 508 131 1808 1718 1784 152 418 1204 1952 598 1818 1355 998 606 564 828 1389 707 124 50 1279 1968 578 78 1857 1557 1739 1503 572 1300 714 154 466 295 439 18 1141 1824 171 913 171 237 70 304 1062 1919 1901 1591 71 741 155 723 1480 265 1946 1314 983 1544 819 1250 52 1786 669 1809 603 696 322 334 1765 352 708 267 1726 1265 752 1953 262 1022 1518 1078 73 1070 484 861 1104 1428 1877 1831 1565 1514 1143 827 950 20 314 1397 545 1980 518 1444 1986 1887 830 241 218 1127 958 1995 455 1839 1703 1742 100 213 254 1738 1186 1639 543 339 472 1610 1934 891 1041 1223 163 764 334 1346 583 493 1262 869 635 1900 1342 692 431 1303 48 1839 1976 759 1312 1200 1235 838 1552 656 732 998 957 229 1842 1500 307 1766 1973 1524 1575 222 1368 1044 555 192 388 1695 1626 1510 1406 619 43 1357 382 1990 1862 734 1893 113 354 1210 972 1957 486 501 946 68 1714 1405 1372 200 1413 1383 1951 3 1641 1443 54 1060 1957 1807 1343 147 1532 85 1027 1866 340 1691 1049 601 1680 685 643 1998 422 1145 209 444 455 103 931 114 1549 435 1635 798 1063 75 1761 593 158 1858 16 1386 469 862 1551 562 645 129 1477 1934 1080 1529 595 199 1308 1026 1285 1237 1165 1134 180 205 1808 635 965 581 1779 841 1971 1391 1637 635 1717 1606 1594 1077 1438 302 727 1196 1873 222 418 1287 360 1636 683 994 518 358 1450 309 564 1729 1544 1063 651 1376 114 1505 485 941 1979 1652 1349 12 134 183 554 1666 1959 1161 1485 715 236 762 38 1198 131 1012 222 203 272 1382 864 530 918 1727 1111 27 770 412 456 1822 841 379 1617 864 439 937 1304 1243 1281 588 538 1600 1708 1936 49 1487 1277 235 1997 1866 1981 296 43 1814 1841 1750 1189 1679 1262 1546 1964 146 1976 836 1423 1112 998 1966 1843 1323 1027 1731 824 40 557 1565 1499 1177 599 1717 948 294 1082 1429 37 1195 1441 454 1647 178 1851 1195 1963 719 1031 541 1034 1519 1802 861 1601 1540 103 251 1969 1013 1555 346 217 789 295 1172 842 579 147 1018 429 959 1430 666 116 286 1435 1991 327 1671 174 1357 222 420 1657 1313 578 95 54 1122 330 1319 1734 1782 616 1184 1998 229 1682 208 801 1670 771 1822 1992 131 728 1199 1972 361 224 802 451 1390 763 203 760 412 1323 1505 720 557 1301 334 207 1670 847 1416 1570 918 184 595 291 1964 233 201 788 454 1467 1258 3 1992 751 135 1308 604 1431 1986 1087 1607 1999 962 349 83 1536 880 1900 605 123 815 475 1793 1375 1874 502 440 1730 719 543 1994 367 1441 1036 1703 1308 41 1246 231 1114 494 916 939 1250 12 1446 1410 1699 341 84 1302 1797 1246 449 1514 678 845 1586 1850 1987 882 1919 1225 1204 1489 892 1266 1490 1870 1014 1195 1500 881 1661 1057 5 1183 300 1395 1175 1503 1981 224 7 94 441 1438 1772 1636 1105 805 1671 566 343 1010 837 1868 1136 940 309 542 648 733 583 1070 191 1898 1009 1278 374 578 1345 311 432 229 806 1905 533 689 1590 1380 582 1660 881 1733 1558 756 180 563 519 1885 1505 1701 166 1280 886 1437 1591 471 254 53 1837 533 527 970 83 838 1874 743 563 454 381 1020 300 1678 1296 1584 894 1545 1989 1154 1342 1167 170 1778 750 1442 1599 1319 687 1554 1380 1664 156 1559 152 1035 1556 299 1663 1493 274 1059 852 211 994 682 1313 1345 1596 403 535 283 1842 1474 1973 618 673 1178 1950 392 612 1186 847 628 146 1434 302 1740 1611 49 239 1374 351 1462 1350 896 14 1143 476 188 440 1456 174 619 1792 785 502 1053 1217 717 1803 60 418 1850 1778 299 918 332 82 1046 1444 1453 1943 1249 1360 1660 1251 73 1404 1412 1626 1487 798 1736 901 1470 1203 1320 513 1701 257 1333 516 248 732 1207 1742 521 1008 372 1326 173 1028 1154 1747 489 277 1959 1855 1396 102 420 840 1258 451 1501 698 769 1938 1616 1049 564 715 1320 789 1911 554 1403 954 572 1436 1434 568 1749 441 814 1026 1287 1988 1537 246 1482 841 1797 384 329 1892 1293 1689 763 1208 605 103 6 1216 768 1436 202 1484 1157 1917 1278 1043 1695 1038 355 204 506 587 989 965 830 952 1649 1906 1108 1349 1176 111 1259 341 205 106 1326 838 1446 1812 521 914 713 262 1631 765 143 1202 783 806 1080 1353 363 1748 527 130 1860 86 1635 750 1294 1333 375 1098 141 371 1641 73 1063 852 1169 781 915 492 1530 170 1643 1910 787 701 165 1145 914 84 1443 85 1749 291 1260 1874 30 137 1715 970 1452 1844 663 612 1275 282 264 277 1152 866 993 1777 1700 1537 668 1871 326 1559 1768 169 1507 1603 1106 139 1328 334 1144 1045 1794 1560 1087 1959 159 250 1916 817 5 1238 1270 1715 995 201 86 1236 1034 1352 994 1235 1055 996 1161 219 951 360 376 148 109 782 405 40 1925 535 1680 1277 1012 461 607 857 1502 437 1550 48 1064 334 1636 691 1360 1765 1721 465 1799 331 133 1008 1495 400 1159 1443 1992 1104 1205 1575 1725 1655 897 903 1962 1057 1038 981 1214 1473 10 350 169 1093 906 1499 1995 559 1699 406 984 593 916 1911 435 970 515 381 446 1991 1065 1313 1375 866 102 1039 1592 168 1186 1670 1469 1226 1910 617 1059 908 860 561 66 1490 1177 1894 1487 467 113 1956 1417 1003 1515 1585 1839 1235 1974 620 1318 1727 1946 298 1339 98 1148 1518 537 222 1479 695 1534 1673 1539 1579 1605 858 981 1224 1269 1096 605 407 421 917 1000 1606 740 128 388 796 1460 411 1431 498 1567 378 466 1944 1533 1102 67 799 1697 170 560 1190 276 736 1362 1807 720 82 1007 1562 1020 296 1226 479 1608 1379 825 47 1843 1769 528 244 43 16 168 1674 1579 856 229 1265 1633 1397 1078 423 488 1161 781 1279 1397 1561 505 1781 813 1973 410 1378 585 1110 1169 1575 1591 148 391 324 1098 470 1144 1251 1579 1378 1443 412 290 366 17 820 1908 1704 1786 185 628 1275 351 1753 680 1671 1268 29 1202 8 516 447 615 1291 1971 1520 418 1118 1774 360 1094 1332 100 199 286 1610 1999 196 84 790 524 515 1339 1986 1561 1913 1974 49 1769 368 1284 1593 1898 1491 840 1953 1776 1358 1709 782 1391 473 507 1323 549 1880 173 1150 791 981 1739 1523 609 696 1621 1006 742 128 1475 1035 1694 1919 1833 1506 718 1217 1299 336 1782 607 907 1016 1592 757 1066 246 1495 1936 356 1707 1894 1419 1527 1511 794 470 1601 512 1248 1408 1423 910 1436 739 1446 1505 1110 1254 991 53 98 121 620 1542 1187 1473 59 148 943 112 798 1544 649 874 1412 44 500 76 95 1266 635 1654 447 1304 1101 578 1587 486 325 280 476 647 240 806 558 575 809 1083 551 1177 1257 1067 423 1225 1137 267 1866 1015 1640 933 270 180 606 648 1676 1254 581 43 8 1902 146 848 396 824 1712 5 226 1562 210 934 1307 840 413 423 1166 1570 450 577 576 1172 1359 1493 280 727 488 867 1298 1043 246 832 1180 527 1713 1651 1129 369 1069 1533 1833 1419 526 289 1803 1286 1982 1914 298 1645 440 392 435 851 767 275 454 1542 278 764 1969 1266 892 1326 677 149 1052 1333 1578 1863 362 277 1770 1730 364 140 75 1604 1403 712 1602 754 1500 968 2 616 1056 1557 1762 1186 620 1608 858 1986 1307 858 434 933 269 1319 1847 1694 1199 224 903 527 837 284 533 1116 879 209 930 1191 614 1903 585 1821 1353 1912 496 178 1913 157 37 1174 1717 418 1540 158 1905 682 208 1062 1955 126 899 1807 533 9 519 1477 1368 572 515 289 1181 1038 505 934 970 
798
38 1765 1540 4 11 374 1237 1202 1832 278 1067 1529 140 516 1318 1855 255 1535 938 490 405 574 823 721 173 631 313 470 677 306 1578 1791 451 1833 78 1566 1891 992 1692 266 1218 1579 1523 47 639 433 1951 1948 861 1435 578 1153 1210 306 1714 1250 753 1055 1815 710 1152 1416 432 1030 1474 971 96 943 1918 105 603 908 1721 1948 852 1406 235 1462 138 1000 1349 524 1481 1128 1247 1991 515 1842 516 817 1995 970 474 1387 165 1219 1112 1442 1348 642 1328 41 217 1577 375 404 1122 1586 128 912 933 1540 275 1833 1453 84 650 278 1240 1821 1575 369 1856 1064 419 1621 1204 133 847 1104 300 1318 1199 873 1965 1713 1354 1033 1534 1886 1664 648 891 1841 597 1561 892 741 85 223 1927 1128 1945 1417 995 1434 954 357 342 899 329 1674 613 1866 1901 653 832 1747 1453 816 1959 926 1349 667 1184 1423 1052 1986 584 1462 626 1754 134 172 237 1739 1758 327 96 1425 560 1142 482 1598 1316 1086 1931 636 1561 391 1359 1552 809 26 438 126 217 1139 1168 1116 1995 1753 360 1364 872 41 587 1485 1113 1436 1403 1332 615 427 455 1064 1437 900 1683 1612 134 1789 714 497 1042 877 1488 1496 1908 151 1381 1246 1170 201 469 959 947 567 1750 397 879 76 1586 471 1304 564 296 1440 1734 1113 1115 463 579 1607 1969 897 1690 688 204 1151 73 910 1348 117 282 1869 1138 1863 844 264 310 1687 526 89 125 1099 1929 690 2000 295 1645 1024 1416 390 1756 642 1867 502 1325 1775 1362 952 1325 956 1081 238 1244 680 1296 1607 1779 1760 1231 1210 783 1862 1431 920 769 1463 1084 222 1012 667 1653 1896 1626 1959 1626 875 1540 1412 1755 1708 761 145 1703 457 528 163 940 102 731 643 171 89 1766 1899 996 428 365 1951 1696 1731 143 215 444 1416 1844 1803 1339 1440 619 571 739 219 1849 43 202 922 1852 98 218 474 1238 1649 1974 1954 1543 356 352 1307 198 411 478 828 50 1438 420 1448 1789 765 1268 1430 1349 1458 1602 519 603 545 601 1422 1239 204 1873 625 1127 64 1427 98 169 415 590 43 610 46 171 1100 1078 1315 46 850 1774 1256 1158 311 1078 184 367 1983 709 1834 1542 1742 1915 1588 360 31 529 792 291 1380 1113 1145 823 1949 1055 1969 1937 186 43 130 1000 1336 1155 1915 1682 1038 1920 847 1329 657 1459 264 545 750 1580 1839 1185 608 1202 1406 636 1249 919 1317 855 30 1719 992 1885 1351 448 1134 367 1488 1853 1933 731 894 314 1672 1482 440 129 1411 220 607 2 41 762 1736 419 115 1752 1197 1852 1654 1526 859 189 859 1250 231 1083 51 365 736 1649 992 922 663 126 233 1872 1908 1712 166 1769 1019 189 999 1556 710 703 38 878 1024 914 775 210 1369 412 614 1539 1994 1465 475 1441 27 1013 1293 1303 378 1029 591 1339 257 847 1239 547 1188 1893 1620 129 698 180 1281 1500 131 284 819 723 202 1696 1981 703 1864 223 1080 342 358 1237 1707 1518 929 1955 968 1105 340 708 1049 95 968 721 1285 587 1708 1289 1071 779 1337 880 185 1382 1384 1040 918 1018 1499 1354 705 1261 97 583 1962 1405 368 1991 1938 69 1944 465 1727 1911 596 193 292 690 683 1477 1936 759 412 158 828 71 457 1593 1352 1975 82 1019 1813 89 324 1607 1782 1933 1506 107 134 301 1357 1849 1892 1360 1985 811 1703 822 1323 1318 1852 1110 145 1013 455 1904 1556 1655 1876 1241 1528 689 1294 780 963 332 1424 115 1279 1056 261 1153 771 443 1456 791 103 1455 1947 879 1992 20 711 1372 1290 1777 68 591 1335 1889 1277 910 815 739 677 1125 758 1810 382 1441 816 330 152 1383 1994 290 209 1378 1248 1851 330 156 192 1213 140 875 625 104 582 127 664 1933 710 187 1739 516 609 1550 1960 847 878 182 63 897 1043 258 1651 314 1301 437 1306 191 194 1516 1885 640 868 937 1989 1086 1865 417 1845 1291 849 1200 886 1677 458 1649 432 1834 1198 1789 1268 1215 1075 1144 1815 462 1188 1396 395 817 1504 1863 1277 1948 487 1239 979 1320 182 15 593 
1602
93 1344 499 1400 490 225 1316 1645 184 1400 979 1587 498 1516 643 460 343 564 415 1216 1713 305 1902 874 352 897 900 1308 858 357 496 1516 1314 1010 1618 1768 1750 329 1277 742 1115 289 1521 1390 410 423 547 221 527 1532 962 1625 192 3 439 920 1995 170 782 341 1278 1220 1370 1741 940 963 524 1306 1961 1241 37 1113 690 567 759 326 659 316 775 1522 631 1072 35 1920 464 250 580 596 517 312 984 1723 335 1818 1081 1950 1321 978 954 1933 1920 497 191 1555 1949 521 1104 1607 1901 414 1703 96 1617 401 1088 410 496 433 1266 1576 138 268 87 1661 1289 270 1391 991 1095 137 1626 125 1765 183 1738 1985 1858 1645 727 1603 31 357 1383 85 1050 1852 1483 816 816 778 1665 1180 1024 1613 289 198 1985 530 612 1822 1290 53 290 1278 944 686 1200 1486 1032 920 628 1007 829 1417 1174 934 469 216 111 303 1724 648 708 853 830 1804 1924 1579 1754 677 1641 605 1229 1102 1971 1061 1705 168 928 1790 1424 1677 1862 1675 1951 1923 1802 495 215 1209 1455 1673 124 703 86 1041 1036 584 1845 1793 442 842 860 1034 204 1529 460 1529 867 1310 1860 723 1151 200 1013 4 1517 1482 959 163 112 755 1144 937 1513 1005 483 726 908 951 1311 261 428 1521 981 707 1378 451 713 1592 1996 65 202 1944 1409 1736 733 1383 1577 1992 835 591 926 1483 1259 363 404 187 1275 1871 251 780 1148 1883 1611 651 565 1801 589 1062 1516 34 1996 1528 576 1986 605 1775 613 1814 1259 1933 1162 243 950 1243 705 808 1833 1315 397 1099 118 1095 1659 1539 748 1976 1700 946 1038 334 408 330 1627 1847 175 247 820 1741 1465 640 404 1745 1674 1683 294 1140 1105 1207 1097 1809 1903 1754 1773 1202 971 808 596 684 1470 1803 397 813 1368 1876 1011 1278 1655 1388 127 535 1985 1010 1847 10 1676 1056 1199 732 1469 553 520 427 888 628 839 611 573 1543 1730 266 939 1205 778 579 1856 978 453 105 386 976 427 1227 1039 778 816 1117 664 1306 543 887 1747 166 1716 119 1607 1699 356 1576 220 1246 1775 1731 311 1836 175 1354 107 1745 595 1066 1598 1692 1206 1526 737 421 1282 978 1803 94 1282 1392 1144 322 1485 556 1576 160 646 518 909 76 989 1760 1025 1727 1541 1359 1007 1703 1834 843 1281 1803 1027 1466 1597 1168 504 109 221 454 1748 1674 953 1916 284 1428 1676 370 259 1483 970 1044 797 1798 1741 1098 647 1520 1596 30 197 237 1775 1238 365 450 165 668 344 1650 8 1786 1502 771 850 1705 1092 1758 1976 1390 1601 666 1788 1415 1482 320 936 1209 1154 1597 1166 1685 177 561 1861 847 1277 1843 393 768 1616 1311 1271 1129 1154 488 1209 1792 411 1177 972 1702 927 575 1463 1784 1854 210 347 1731 394 92 51 229 1916 78 779 1403 1670 462 71 859 223 99 1053 536 479 372 1535 1697 1130 1884 952 1125 1662 229 452 1048 601 1122 1993 30 1665 1859 1748 1147 229 1570 1184 1646 1708 1281 3 942 1794 1096 1750 402 1534 497 334 651 9 1616 131 384 364 620 501 1690 1758 487 1087 1132 1967 260 1443 34 580 1717 1845 867 770 48 1903 748 1466 982 1548 1711 1661 1875 1764 1067 1003 1178 1560 97 1391 1499 1001 1539 1101 962 1041 1193 1230 1170 721 334 694 1833 1440 1550 1500 1733 1256 1135 701 220 996 1339 1821 1520 710 1032 1567 883 1868 1863 158 1863 612 312 1837 167 63 1010 692 1887 352 1937 862 31 872 1727 1118 722 59 1809 1314 155 1919 1969 1548 1846 1344 1406 167 47 1558 1114 262 225 1732 1663 1828 141 512 631 503 320 1737 1175 326 1974 1100 1569 725 908 1603 1401 1450 1847 569 1417 859 1561 1769 611 847 1433 541 1244 641 66 561 1072 47 899 1419 1417 480 94 1681 67 1105 849 1222 1858 1670 1586 439 255 22 83 713 1644 468 533 1631 1607 1373 204 1156 582 1246 1590 1799 1401 1278 799 1552 275 788 1727 21 1534 1164 26 1641 1425 1698 954 1071 323 319 1869 174 1624 1622 1676 1547 1317 886 399 116 1077 446 1277 604 520 858 1104 646 25 923 446 399 332 798 1190 724 1453 411 641 1839 219 1877 1501 1850 719 1884 709 263 390 1021 1121 1534 464 1607 1057 1030 1186 1807 527 1572 671 663 1455 1686 553 1748 1517 1644 634 978 1831 755 1342 786 168 185 984 1612 1384 261 1359 1970 311 1122 173 1194 841 678 859 1929 1101 1400 413 1402 1006 1115 1825 1471 194 979 1708 620 1480 1869 599 461 314 1719 611 1368 1932 1324 74 1644 927 1999 705 118 581 1452 379 645 1845 101 1944 435 1723 1511 314 456 1184 1608 1283 1594 1160 1931 414 1323 1517 68 1086 1403 1013 128 1509 665 1450 430 469 738 1003 1669 1460 505 1052 369 1257 862 608 1651 945 774 1284 1584 375 464 1577 1410 99 1314 1735 26 1088 277 1854 942 41 364 853 899 712 1486 229 1827 1878 421 1134 733 1295 566 1861 1065 1523 562 1359 962 500 1823 590 169 1358 1134 1981 1975 1623 42 847 1 103 1589 694 185 1286 698 777 520 997 1189 391 1744 864 755 407 1998 462 1974 1434 135 1833 1981 1097 1550 1848 535 988 1902 1083 143 1631 31 1158 1892 17 1040 1652 1372 653 142 840 985 292 892 760 213 1221 1904 179 866 1877 503 50 1346 1749 946 1800 465 1909 736 1754 1829 1790 245 924 1662 602 736 1692 1002 1698 895 1409 470 499 497 1510 1842 1433 153 1591 399 1817 1383 632 864 1838 1046 511 54 688 1619 331 364 1384 1464 1761 1378 1266 1943 1354 1421 1700 1803 1698 1229 1322 182 616 131 1922 1848 762 510 1914 1312 1773 1897 1849 863 23 1636 1580 266 128 544 300 34 349 948 853 467 1742 1427 1211 1294 1967 233 1540 1058 1009 652 1162 1894 972 1010 1371 1643 980 994 1773 1002 94 1546 231 26 1500 1944 1070 677 547 577 1218 565 25 95 377 552 1932 1471 498 1604 1347 802 1648 362 1008 607 168 367 1841 1747 1138 1090 1990 1594 1825 984 1551 18 616 1134 1416 1913 1291 1853 1862 856 611 1719 574 852 745 1843 1617 1162 181 173 858 1052 421 765 1196 887 1971 1723 1114 1808 1563 614 1485 1024 689 651 1299 253 1993 404 307 1797 1419 1382 1886 872 1611 584 1629 714 727 1703 287 820 699 366 896 965 476 1147 1590 1005 321 1754 152 1123 446 1166 1308 685 1269 726 898 1700 968 83 1773 1730 1805 1701 785 1117 318 1668 1902 1516 273 1137 1693 93 412 825 1383 355 1379 740 628 1575 635 1064 1824 1631 1576 1649 1950 79 717 165 728 258 1395 1267 1714 1751 1131 275 203 1296 8 799 262 1666 1081 757 460 1809 1506 491 1988 272 1326 1068 510 193 1836 642 270 1887 901 113 977 394 821 1322 1280 1905 421 1820 924 1069 603 618 1144 973 318 1869 1251 188 1985 1215 207 1149 1716 1300 699 18 362 616 1621 1236 1974 1023 1532 252 1719 256 823 1358 1164 1703 1140 930 1535 1643 1988 164 657 67 1738 813 984 1050 1851 243 416 97 696 1771 76 280 1926 676 849 86 1748 356 1134 629 1668 421 1966 1763 245 1643 1391 335 192 215 465 695 244 400 558 83 89 567 444 1377 453 638 858 1667 502 991 368 1034 284 421 1750 521 819 166 79 1767 1056 1536 1901 114 1377 771 1596 286 1796 1614 1454 696 420 1820 1280 268 247 1295 1410 1287 163 874 525 1253 858 647 880 772 28 240 1289 912 1880 936 1887 245 325 386 707 266 164 1963 411 986 584 536 835 1570 1443 1452 1555 31 1610 42 154 136 216 644 1527 377 1501 751 1806 780 583 547 1810 1991 822 980 1039 401 11 1429 204 274 425 1517 1471 1246 342 747 902 803 206 554 771 1343 1567 1222 560 993 1166 1516 979 641 929 925 119 1929 153 1603 450 295 352 602 715 1713 553 998 116 1687 1612 649 1536 327 977 246 922 1604 216 257 341 392 1141 658 267 1883 1749 356 748 902 352 1904 674 1029 1581 1384 1170 1741 1378 515 1820 757 1117 233 415 1706 67 1785 1408 1827 1033 1383 1837 967 1264 1770 1246 1509 400 756 855 359 254 332 1675 1247 437 724 1445 1921 649 1589 1955 1766 462 887 164 446 930 1626 1634 1167 933 129 251 44 327 566 474 
865
792 399 329 636 763 307 230 1722 1050 1865 1575 410 151 825 160 649 564 1237 1852 1754 1144 1079 1638 1425 1871 1208 239 1446 580 103 174 722 1322 1846 231 1118 1294 1338 1279 349 1180 585 1704 1909 1087 1568 865 478 595 1274 581 1422 1393 264 1835 1552 1864 196 1185 530 1669 786 1529 399 1674 81 609 773 29 502 2000 895 1784 102 613 1464 201 859 1096 1689 699 252 575 154 1187 1237 907 741 21 23 937 690 1116 1267 370 1395 1645 684 1568 1504 321 1909 548 908 1590 1947 1577 1441 1080 1669 371 1746 969 201 1313 1148 436 1987 1766 1620 1405 1932 519 1659 176 469 316 1151 588 1508 18 804 430 1037 1957 1519 787 987 1298 488 464 1218 949 265 1737 572 436 1745 1122 822 1392 665 1041 1835 720 1379 501 1611 1585 1751 954 1773 97 533 1929 1926 876 69 1126 207 910 1682 1147 1442 464 1158 1949 584 1813 598 43 1446 1517 419 731 566 259 1296 27 827 1519 1774 1591 1049 399 437 1344 44 1649 407 1497 132 1959 1079 1220 218 1501 381 1896 683 1127 771 422 1547 1905 234 488 529 1291 1364 423 517 79 1920 163 1755 1862 1220 1904 440 1604 239 433 1518 1607 97 598 1522 1122 1665 266 735 673 40 1481 456 353 1441 719 196 722 300 7 268 607 93 1503 604 810 1800 1830 251 26 326 1746 1459 601 1398 562 917 738 114 833 1005 1572 1571 557 1119 863 383 1302 1264 1344 613 1961 1045 1465 980 593 1040 427 629 1681 1874 692 152 1424 1096 1669 336 1180 250 1015 1209 1823 1920 117 891 722 1865 858 897 491 1163 1696 629 1325 370 642 600 1993 351 568 529 1387 21 1807 1464 343 1100 1031 1789 986 379 1338 98 1462 611 816 1677 1144 130 1194 67 347 1761 1757 1694 1299 1741 1725 519 1258 433 1630 695 1860 1901 1432 680 1664 1087 1121 1378 1496 1788 1226 1200 74 847 1148 120 129 1323 994 1248 1596 378 1375 685 929 1793 119 768 1307 929 1060 1964 593 1790 119 1876 1513 220 778 530 263 1104 954 1929 1935 1591 217 1606 1547 617 24 1243 1374 1217 1254 1514 706 1554 1690 1596 918 995 1381 1075 1610 380 742 341 1024 1941 100 1069 1343 526 1132 1009 1230 280 396 1243 476 1445 1680 481 1973 237 127 1993 79 1336 1277 256 1253 1382 690 1820 449 183 1379 533 1847 676 579 1191 671 1229 1469 760 1643 148 988 773 278 1338 486 168 393 1810 1105 28 792 1646 1836 1381 1824 1907 1185 1815 310 1487 1691 268 1177 1231 846 1427 1501 800 866 1887 1304 1219 1206 759 779 893 1905 1521 62 889 1072 752 1105 1151 1191 379 407 341 1677 1675 1149 330 591 1470 1828 737 1201 440 801 572 1616 927 117 1669 439 687 1546 554 972 1774 1570 53 1938 186 595 802 1729 242 489 1390 264 350 714 486 892 1887 394 1759 1416 261 399 486 693 389 154 88 942 1306 36 1212 1906 1803 1669 1486 38 1174 901 605 1448 403 1802 847 868 1393 367 951 432 1781 1736 1808 1094 1983 974 974 846 1423 906 87 1779 878 1880 775 1398 1892 751 1018 1371 1020 1176 207 1610 1843 464 1590 1257 1904 835 422 408 1931 323 435 767 474 959 791 1973 1161 668 1227 1820 425 1911 1141 896 810 1609 1527 518 1583 732 521 1888 589 651 1751 1748 1181 1259 1997 913 1123 1995 477 204 1309 409 493 26 1050 1873 603 166 1581 1422 1031 1854 1998 1707 1320 198 984 386 1004 653 1654 1322 1366 1955 421 1737 1255 872 90 1966 783 1416 1996 272 201 80 96 1539 560 465 1575 372 685 1155 799 1217 1515 939 1849 1469 1058 1801 282 207 1748 1802 1436 816 939 95 1061 1400 1567 1458 206 1319 1027 1519 1865 1502 973 327 1190 1101 1118 1390 1992 1398 512 239 1181 1371 1386 1621 208 480 1993 868 1475 763 507 805 513 460 1613 1747 1095 1801 417 1885 1485 321 1637 735 1346 1281 211 671 1880 182 335 845 1765 1542 785 1590 1826 591 1233 1007 1821 1681 1920 629 923 1677 871 1911 1328 1555 446 461 1584 963 922 1275 813 1279 1356 792 1218 1036 470 1303 1575 336 1369 1699 1796 824 355 241 648 1372 327 1493 1070 104 904 1242 383 1398 1982 719 752 491 1890 22 1665 1715 1437 521 1092 737 1588 1989 278 774 961 1994 1381 1308 257 536 208 823 356 702 1320 1231 1686 1126 462 750 893 1089 896 442 865 614 24 742 628 1028 933 289 1900 725 407 562 448 1983 524 1159 
556
1780 1022 1805 208 1777 1657 350 99 1027 1934 1240 355 1967 1700 169 1563 329 621 871 656 693 413 1439 1214 608 795 426 746 223 1037 845 1171 595 625 1900 691 1925 1043 1115 606 1886 1853 1700 1428 1281 935 1515 1991 1415 1473 245 1344 680 918 894 448 1791 1541 654 340 1937 195 485 1365 1030 687 682 858 466 10 869 1192 1764 1313 1601 873 1217 1264 482 1093 582 714 44 1633 1520 34 850 1677 65 1821 147 1577 933 414 1014 974 135 969 1314 1035 1867 284 618 1284 541 1563 277 1014 1968 786 1137 1674 1100 1299 1406 123 816 802 1418 606 163 944 245 1932 772 401 1083 342 695 358 31 1638 1904 1583 1581 872 521 195 1925 1171 1447 1860 1737 1960 122 1912 1190 150 1239 391 1656 1464 1042 336 551 1149 117 1682 1071 615 356 533 1945 208 521 493 185 1410 1997 578 506 1768 884 1965 365 846 1165 1289 562 1270 677 265 420 1330 1517 310 1910 16 1202 145 1357 342 1598 158 80 658 108 1308 1316 1479 510 216 355 76 1800 165 1004 1694 1126 426 1420 1257 432 893 941 1008 1509 1347 336 914 1254 813 545 1964 1560 283 1555 1662 947 1066 347 1910 1902 987 1249 1515 1987 1196 288 242 1789 329 1366 737 1988 534 1499 1916 1210 1192 1142 1277 847 638 1195 230 1100 321 1066 734 1263 836 391 894 228 1831 468 781 1669 1865 1487 316 1553 427 1563 224 1475 1953 1157 886 751 972 1878 1568 151 1400 1287 456 143 730 1612 1893 1503 657 919 615 720 284 1193 349 362 298 68 646 1050 1834 537 1073 372 1122 703 1856 1241 1464 1763 275 790 1368 1508 879 886 1893 193 1540 383 663 699 145 177 1177 409 1994 221 16 1378 1104 221 1994 1542 916 226 938 1750 422 834 1091 817 1449 1045 899 1195 303 734 1806 801 1818 1201 1778 888 580 1384 1006 1748 371 508 1906 1059 1155 1467 812 1688 1635 674 649 1361 1382 707 477 352 1309 1243 1828 230 1794 282 1932 597 1456 128 887 417 1465 1656 1151 1198 1405 44 1671 409 1279 437 1166 1267 714 1980 1842 1046 1449 991 969 23 948 728 1378 713 117 1317 19 626 1766 1447 1176 1037 1435 222 339 600 238 753 77 1409 589 1990 854 1466 243 323 1865 1728 1505 226 440 339 1446 507 1653 1628 874 443 1504 93 734 1103 1119 1879 874 596 1742 908 1446 1124 253 578 149 1804 854 1570 1899 103 696 1901 1982 72 1385 1071 525 1619 6 1722 980 332 1533 1351 1755 401 1839 1954 1787 1369 234 583 1621 1386 1242 1067 1573 90 1927 271 1139 1685 1392 743 1701 1845 37 1604 373 1280 640 1733 385 974 48 1699 464 695 53 920 485 1173 1941 1434 1030 1382 297 1372 203 250 1736 643 296 1818 325 1083 1702 1889 1943 1187 670 1705 1679 1168 563 1950 231 78 1215 1948 1891 607 57 1902 21 484 128 
